0.00,0.620564
0.01,0.670725
0.02,0.605225
0.03,0.551223
0.05,0.405561
0.06,0.374408
0.07,0.490185
0.08,0.533515
0.09,0.479673
0.10,0.333945
0.12,0.344344
0.13,0.218428
0.14,0.064646
0.15,0.086889
0.16,0.151697
0.17,0.188371
0.19,0.340882
0.20,0.413556
0.21,0.356667
0.22,0.467792
0.23,0.476381
0.24,0.566041
0.26,0.646321
0.27,0.396127
0.28,0.589105
0.29,0.417694
0.30,0.638690
0.31,0.518808
0.33,0.631860
0.34,0.620287
0.35,0.558844
0.36,0.657460
0.37,0.427042
0.38,0.606196
0.39,0.333026
0.41,0.546217
0.42,0.354616
0.43,0.497127
0.44,0.378945
0.45,0.438095
0.46,0.439163
0.48,0.428305
0.49,0.417533
0.50,0.287578
0.51,0.289018
0.52,0.164618
0.53,0.150495
0.55,0.094638
0.56,0.079264
0.57,0.066681
0.58,0.036516
0.59,0.029412
0.60,0.023401
0.62,0.018511
0.63,0.018828
0.64,0.011194
0.65,0.008104
0.66,0.006921
0.67,0.007679
0.68,0.007860
0.70,0.015814
0.71,0.021823
0.72,0.082849
0.73,0.236650
0.74,0.320027
0.75,0.438784
0.77,0.379238
0.78,1.757073
0.79,2.768133
0.80,2.559771
0.81,1.649185
0.82,0.927967
0.84,0.757219
0.85,0.568904
0.86,0.456904
0.87,0.331333
0.88,0.189450
0.89,0.122557
0.91,0.114708
0.92,0.096747
0.93,0.089686
0.94,0.080907
0.95,0.056203
0.96,0.049506
0.98,0.040935
0.99,0.042905
1.00,0.037663
1.01,0.033974
1.02,0.042383
1.03,0.882919
1.04,1.888452
1.06,2.396004
1.07,1.500067
1.08,1.008375
1.09,0.786291
1.10,0.600225
1.11,0.447555
1.13,0.454237
1.14,0.464609
1.15,0.392585
1.16,0.457966
1.17,0.560731
1.18,0.491019
1.20,0.310127
1.21,0.343312
1.22,0.233969
1.23,0.083788
1.24,0.075098
1.25,0.131167
1.27,0.176923
1.28,0.335304
1.29,0.414570
1.30,0.415178
1.31,0.470897
1.32,0.432151
1.34,0.639971
1.35,0.615663
1.36,0.453341
1.37,0.584061
1.38,0.402095
1.39,0.635748
1.40,0.481498
1.42,0.669473
1.43,0.614088
1.44,0.633149
1.45,0.690632
1.46,0.504247
1.47,0.659197
1.49,0.390175
1.50,0.575941
1.51,0.314357
1.52,0.509923
1.53,0.341834
1.54,0.437737
1.56,0.380593
1.57,0.386833
1.58,0.350036
1.59,0.257487
1.60,0.231681
1.61,0.142000
1.63,0.108267
1.64,0.075675
1.65,0.078943
1.66,0.053655
1.67,0.026916
1.68,0.030432
1.70,0.030034
1.71,0.026647
1.72,0.021609
1.73,0.014139
1.74,0.010359
1.75,0.007448
1.76,0.008008
1.78,0.006833
1.79,0.009556
1.80,0.010675
1.81,0.019509
1.82,0.144648
1.83,0.327878
1.85,0.399572
1.86,0.336659
1.87,1.003447
1.88,2.579065
1.89,2.641593
1.90,1.916943
1.92,1.156560
1.93,0.840665
1.94,0.669684
1.95,0.515301
1.96,0.389440
1.97,0.241990
1.99,0.175904
2.00,0.140142
2.01,0.109414
2.02,0.100729
2.03,0.097674
2.04,0.061670
2.05,0.049540
2.07,0.049423
2.08,0.045342
2.09,0.045637
2.10,0.042580
2.11,0.043271
2.12,0.729909
2.14,1.813205
2.15,2.278465
2.16,1.551286
2.17,0.921013
2.18,0.832841
2.19,0.564662
2.21,0.390335
2.22,0.449947
2.23,0.496252
2.24,0.477976
2.25,0.405897
2.26,0.600158
2.28,0.574516
2.29,0.284972
2.30,0.344706
2.31,0.243023
2.32,0.073164
2.33,0.086792
2.35,0.142624
2.36,0.152289
2.37,0.338599
2.38,0.457550
2.39,0.373386
2.40,0.519686
2.41,0.530664
2.43,0.552893
2.44,0.682285
2.45,0.406684
2.46,0.653037
2.47,0.466509
2.48,0.672809
2.50,0.573445
2.51,0.642980
2.52,0.677626
2.53,0.557909
2.54,0.692791
2.55,0.422155
2.57,0.629865
2.58,0.355314
2.59,0.590113
2.60,0.386867
2.61,0.524567
2.62,0.390636
2.64,0.429840
2.65,0.387452
2.66,0.359769
2.67,0.349885
2.68,0.222305
2.69,0.219550
2.71,0.150683
2.72,0.109753
2.73,0.071531
2.74,0.077521
2.75,0.049324
2.76,0.032614
2.77,0.029001
2.79,0.021339
2.80,0.015111
2.81,0.014824
2.82,0.012064
2.83,0.009189
2.84,0.007266
2.86,0.007459
2.87,0.007521
2.88,0.006380
2.89,0.008667
2.90,0.032967
2.91,0.121556
2.93,0.300464
2.94,0.426920
2.95,0.397064
2.96,1.413362
2.97,2.626468
2.98,2.649930
3.00,1.708480
3.01,1.029183
3.02,0.929663
3.03,0.681153
3.04,0.480461
3.05,0.343280
3.07,0.215924
3.08,0.151566
3.09,0.137593
3.10,0.126359
3.11,0.098466
3.12,0.072345
3.13,0.056849
3.15,0.058388
3.16,0.047838
3.17,0.046392
3.18,0.043144
3.19,0.043361
3.20,0.066846
3.22,1.060283
3.23,2.052986
3.24,2.352268
3.25,1.328054
3.26,0.948666
3.27,0.838540
3.29,0.584369
3.30,0.401204
3.31,0.476561
3.32,0.541726
3.33,0.494820
3.34,0.371746
3.36,0.546668
3.37,0.535690
3.38,0.310003
3.39,0.307898
3.40,0.257925
3.41,0.120919
3.42,0.099337
3.44,0.161555
3.45,0.184759
3.46,0.389160
3.47,0.484856
3.48,0.399345
3.49,0.531837
3.51,0.518033
3.52,0.556860
3.53,0.649663
3.54,0.401499
3.55,0.607127
3.56,0.443435
3.58,0.617433
3.59,0.531229
3.60,0.591831
3.61,0.623467
3.62,0.534929
3.63,0.660204
3.65,0.413528
3.66,0.597504
3.67,0.335544
3.68,0.554505
3.69,0.374910
3.70,0.489768
3.72,0.373692
3.73,0.389061
3.74,0.380066
3.75,0.340004
3.76,0.347365
3.77,0.213536
3.78,0.207820
3.80,0.148261
3.81,0.107915
3.82,0.076407
3.83,0.067093
3.84,0.051518
3.85,0.034465
3.87,0.027156
3.88,0.028661
3.89,0.020209
3.90,0.016847
3.91,0.015272
3.92,0.011604
3.94,0.008251
3.95,0.008021
3.96,0.008057
3.97,0.007651
3.98,0.009918
3.99,0.048153
4.01,0.235292
4.02,0.335662
4.03,0.427317
4.04,0.354323
4.05,1.534756
4.06,2.450100
4.08,2.285635
4.09,1.460817
4.10,0.915060
4.11,0.780804
4.12,0.542748
4.13,0.387651
4.14,0.306645
4.16,0.202541
4.17,0.151304
4.18,0.121448
4.19,0.098764
4.20,0.092967
4.21,0.077512
4.23,0.054162
4.24,0.038029
4.25,0.041026
4.26,0.050442
4.27,0.053043
4.28,0.052125
4.30,0.094069
4.31,1.025241
4.32,2.024094
4.33,2.420009
4.34,1.402125
4.35,0.863517
4.37,0.805413
4.38,0.612478
4.39,0.424474
4.40,0.472919
4.41,0.488141
4.42,0.478984
4.44,0.347449
4.45,0.536652
4.46,0.532956
4.47,0.298773
4.48,0.314777
4.49,0.236386
4.50,0.072896
4.52,0.103036
4.53,0.173863
4.54,0.183610
4.55,0.375000
4.56,0.451273
4.57,0.352268
4.59,0.514842
4.60,0.547505
4.61,0.564665
4.62,0.679290
4.63,0.392266
4.64,0.644241
4.66,0.476134
4.67,0.650467
4.68,0.576703
4.69,0.622012
4.70,0.668982
4.71,0.514967
4.73,0.659681
4.74,0.367590
4.75,0.551060
4.76,0.332578
4.77,0.533896
4.78,0.381537
4.79,0.482795
4.81,0.401990
4.82,0.412876
4.83,0.443054
4.84,0.404687
4.85,0.393934
4.86,0.267432
4.88,0.267290
4.89,0.149245
4.90,0.141201
4.91,0.083966
4.92,0.072916
4.93,0.061196
4.95,0.038634
4.96,0.026005
4.97,0.016298
4.98,0.016665
4.99,0.014453
5.00,0.011987
5.02,0.009398
5.03,0.007945
5.04,0.008092
5.05,0.005865
5.06,0.008145
5.07,0.011289
5.09,0.053354
5.10,0.218303
5.11,0.420174
5.12,0.500127
5.13,0.400674
5.14,1.608203
5.15,2.618010
5.17,2.428732
5.18,1.380011
5.19,0.907612
5.20,0.777620
5.21,0.469263
5.22,0.416479
5.24,0.301437
5.25,0.215899
5.26,0.163196
5.27,0.110389
5.28,0.098592
5.29,0.072995
5.31,0.050762
5.32,0.042892
5.33,0.038581
5.34,0.040449
5.35,0.032160
5.36,0.040776
5.38,0.046861
5.39,0.111691
5.40,1.261163
5.41,2.115298
5.42,2.448352
5.43,1.268263
5.45,0.858382
5.46,0.700479
5.47,0.503297
5.48,0.438527
5.49,0.451265
5.50,0.526653
5.51,0.577700
5.53,0.416906
5.54,0.550228
5.55,0.565227
5.56,0.373506
5.57,0.290581
5.58,0.240662
5.60,0.094693
5.61,0.089291
5.62,0.177223
5.63,0.203719
5.64,0.390542
5.65,0.480089
5.67,0.397597
5.68,0.544962
5.69,0.565234
5.70,0.535848
5.71,0.630691
5.72,0.409513
5.74,0.630550
5.75,0.491821
5.76,0.667968
5.77,0.613198
5.78,0.635426
5.79,0.687567
5.80,0.531402
5.82,0.682932
5.83,0.394456
5.84,0.595744
5.85,0.345046
5.86,0.562748
5.87,0.391915
5.89,0.516896
5.90,0.427592
5.91,0.410596
5.92,0.431613
5.93,0.330053
5.94,0.334334
5.96,0.199243
5.97,0.179327
5.98,0.113754
5.99,0.084592
6.00,0.061575
6.01,0.057330
6.03,0.034133
6.04,0.027084
6.05,0.034579
6.06,0.033464
6.07,0.030653
6.08,0.024580
6.10,0.020232
6.11,0.019646
6.12,0.011514
6.13,0.010443
6.14,0.006595
6.15,0.009425
6.16,0.012298
6.18,0.036151
6.19,0.138228
6.20,0.416283
6.21,0.580755
6.22,0.483812
6.23,1.340831
6.25,2.649915
6.26,2.724433
6.27,1.498279
6.28,1.076313
6.29,0.849218
6.30,0.494889
6.32,0.377147
6.33,0.323563
6.34,0.248208
6.35,0.171822
6.36,0.122455
6.37,0.115292
6.39,0.087270
6.40,0.057572
6.41,0.053269
6.42,0.051343
6.43,0.042677
6.44,0.047896
6.46,0.053137
6.47,0.062138
6.48,0.223899
6.49,1.209839
6.50,2.122616
6.51,2.400048
6.52,1.132280
6.54,0.795909
6.55,0.660317
6.56,0.472607
6.57,0.454961
6.58,0.455959
6.59,0.557958
6.61,0.640530
6.62,0.464003
6.63,0.536917
6.64,0.589746
6.65,0.418682
6.66,0.295869
6.68,0.226610
6.69,0.079547
6.70,0.106191
6.71,0.197478
6.72,0.229833
6.73,0.356374
6.75,0.459053
6.76,0.393966
6.77,0.512333
6.78,0.611705
6.79,0.481223
6.80,0.698266
6.82,0.500379
6.83,0.653385
6.84,0.571513
6.85,0.622776
6.86,0.662113
6.87,0.518111
6.88,0.677635
6.90,0.400530
6.91,0.612343
6.92,0.382117
6.93,0.606190
6.94,0.429587
6.95,0.582288
6.97,0.469629
6.98,0.484592
6.99,0.441535
7.00,0.368580
7.01,0.412903
7.02,0.318006
7.04,0.350670
7.05,0.199250
7.06,0.210331
7.07,0.143104
7.08,0.101415
7.09,0.071852
7.11,0.073359
7.12,0.036747
7.13,0.029483
7.14,0.025397
7.15,0.021376
7.16,0.015125
7.17,0.013545
7.19,0.012402
7.20,0.010708
7.21,0.007984
7.22,0.006513
7.23,0.006735
7.24,0.007751
7.26,0.012437
7.27,0.054559
7.28,0.201543
7.29,0.405217
7.30,0.434008
7.31,0.288896
7.33,2.147770
7.34,2.885406
7.35,2.224393
7.36,1.419365
7.37,1.059797
7.38,0.785116
7.40,0.539553
7.41,0.443296
7.42,0.322670
7.43,0.224772
7.44,0.157718
7.45,0.129971
7.47,0.108221
7.48,0.087741
7.49,0.059149
7.50,0.057930
7.51,0.052556
7.52,0.051445
7.53,0.057117
7.55,0.053835
7.56,0.063119
7.57,0.339268
7.58,1.570608
7.59,2.254024
7.60,1.922798
7.62,0.979232
7.63,0.866502
7.64,0.625359
7.65,0.429378
7.66,0.412150
7.67,0.398901
7.69,0.543937
7.70,0.560215
7.71,0.516543
7.72,0.368370
7.73,0.553144
7.74,0.494988
7.76,0.235801
7.77,0.208716
7.78,0.112141
7.79,0.099193
7.80,0.243342
7.81,0.291153
7.83,0.387287
7.84,0.510770
7.85,0.435963
7.86,0.553312
7.87,0.642292
7.88,0.469530
7.89,0.649269
7.91,0.471234
7.92,0.583449
7.93,0.542040
7.94,0.572820
7.95,0.639480
7.96,0.490201
7.98,0.662530
7.99,0.387523
8.00,0.629176
8.01,0.408335
8.02,0.624381
8.03,0.463283
8.05,0.580306
8.06,0.497003
8.07,0.479362
8.08,0.472936
8.09,0.358163
8.10,0.436473
8.12,0.310942
8.13,0.324307
8.14,0.188662
8.15,0.189428
8.16,0.147691
8.17,0.104644
8.19,0.086721
8.20,0.073603
8.21,0.049271
8.22,0.026583
8.23,0.023855
8.24,0.021620
8.25,0.015190
8.27,0.012720
8.28,0.010353
8.29,0.008440
8.30,0.008393
8.31,0.006468
8.32,0.006308
8.34,0.008349
8.35,0.013753
8.36,0.087606
8.37,0.244938
8.38,0.429004
8.39,0.452472
8.41,0.346909
8.42,2.122534
8.43,2.649083
8.44,1.835784
8.45,1.015878
8.46,0.911100
8.48,0.708087
8.49,0.435731
8.50,0.336721
8.51,0.281723
8.52,0.200133
8.53,0.155483
8.54,0.120951
8.56,0.095058
8.57,0.076963
8.58,0.047767
8.59,0.042266
8.60,0.048691
8.61,0.040932
8.63,0.043838
8.64,0.048471
8.65,0.061497
8.66,0.528898
8.67,1.554139
8.68,2.173114
8.70,1.848485
8.71,0.965567
8.72,0.921593
8.73,0.701056
8.74,0.500081
8.75,0.401043
8.77,0.366795
8.78,0.492568
8.79,0.593388
8.80,0.553927
8.81,0.397392
8.82,0.558602
8.84,0.470672
8.85,0.225231
8.86,0.171435
8.87,0.077450
8.88,0.112111
8.89,0.238990
8.90,0.273659
8.92,0.357042
8.93,0.464341
8.94,0.391794
8.95,0.469394
8.96,0.603022
8.97,0.450331
8.99,0.638324
9.00,0.488334
9.01,0.589250
9.02,0.539484
9.03,0.555561
9.04,0.630101
9.06,0.481085
9.07,0.655239
9.08,0.372693
9.09,0.635369
9.10,0.420736
9.11,0.586627
9.13,0.454196
9.14,0.528607
9.15,0.477757
9.16,0.437998
9.17,0.464050
9.18,0.351939
9.20,0.464238
9.21,0.342106
9.22,0.364920
9.23,0.219023
9.24,0.227986
9.25,0.144001
9.26,0.118138
9.28,0.072781
9.29,0.060058
9.30,0.046753
9.31,0.031301
9.32,0.020915
9.33,0.013486
9.35,0.010829
9.36,0.010246
9.37,0.010353
9.38,0.009499
9.39,0.006527
9.40,0.007818
9.42,0.006014
9.43,0.007004
9.44,0.009455
9.45,0.024849
9.46,0.133512
9.47,0.261745
9.49,0.343969
9.50,0.319282
9.51,2.075371
9.52,2.665303
9.53,2.032953
9.54,1.181218
9.56,0.908843
9.57,0.708220
9.58,0.448952
9.59,0.352734
9.60,0.269521
9.61,0.201250
9.62,0.153897
9.64,0.108792
9.65,0.091351
9.66,0.074036
9.67,0.058069
9.68,0.053046
9.69,0.042467
9.71,0.035214
9.72,0.032510
9.73,0.035812
9.74,0.052187
9.75,0.396028
9.76,1.581976
9.78,2.191459
9.79,2.003771
9.80,0.845179
9.81,0.878045
9.82,0.671268
9.83,0.497933
9.85,0.412302
9.86,0.384726
9.87,0.538051
9.88,0.615178
9.89,0.586159
9.90,0.357831
9.91,0.513711
9.93,0.455771
9.94,0.203335
9.95,0.171826
9.96,0.085002
9.97,0.086540
9.98,0.243966
10.00,0.292615
10.01,0.349970
10.02,0.488212
10.03,0.459341
10.04,0.546694
10.05,0.642648
10.07,0.493097
10.08,0.657026
10.09,0.502015
10.10,0.579791
10.11,0.560030
10.12,0.559197
10.14,0.644844
10.15,0.485345
10.16,0.665029
10.17,0.376508
10.18,0.634418
10.19,0.424446
10.21,0.601205
10.22,0.471745
10.23,0.529887
10.24,0.484244
10.25,0.421195
10.26,0.455018
10.27,0.306970
10.29,0.414718
10.30,0.266515
10.31,0.298298
10.32,0.211153
10.33,0.168152
10.34,0.135668
10.36,0.081665
10.37,0.063028
10.38,0.056361
10.39,0.029621
10.40,0.020250
10.41,0.018714
10.43,0.018959
10.44,0.015427
10.45,0.012482
10.46,0.009819
10.47,0.009461
10.48,0.007961
10.50,0.008114
10.51,0.005960
10.52,0.008833
10.53,0.015794
10.54,0.088258
10.55,0.253306
10.57,0.368082
10.58,0.413351
10.59,0.406724
10.60,2.175871
10.61,2.846100
10.62,2.258177
10.63,1.094393
10.65,0.908923
10.66,0.740659
10.67,0.525214
10.68,0.371987
10.69,0.268092
10.70,0.210945
10.72,0.145381
10.73,0.114768
10.74,0.095660
10.75,0.071828
10.76,0.059092
10.77,0.053320
10.79,0.048992
10.80,0.040256
10.81,0.043128
10.82,0.047323
10.83,0.043041
10.84,0.242181
10.86,1.479421
10.87,2.258650
10.88,2.439158
10.89,1.254197
10.90,0.808777
10.91,0.739627
10.92,0.486123
10.94,0.441516
10.95,0.397361
10.96,0.576132
10.97,0.654827
10.98,0.595566
10.99,0.417833
11.01,0.567588
11.02,0.467241
11.03,0.225686
11.04,0.179695
11.05,0.077984
11.06,0.095412
11.08,0.234257
11.09,0.292753
11.10,0.365323
11.11,0.536129
11.12,0.496817
11.13,0.506043
11.15,0.657376
11.16,0.504463
11.17,0.697420
11.18,0.568541
11.19,0.596039
11.20,0.592486
11.22,0.535392
11.23,0.647955
11.24,0.444963
11.25,0.655741
11.26,0.408647
11.27,0.660372
11.28,0.471418
11.30,0.601879
11.31,0.495949
11.32,0.534236
11.33,0.521095
11.34,0.419055
11.35,0.478075
11.37,0.289613
11.38,0.398272
11.39,0.253001
11.40,0.288018
11.41,0.181680
11.42,0.171735
11.44,0.136161
11.45,0.093434
11.46,0.076002
11.47,0.078040
11.48,0.036681
11.49,0.029928
11.51,0.018466
11.52,0.016030
11.53,0.011129
11.54,0.010806
11.55,0.009038
11.56,0.008892
11.58,0.007101
11.59,0.006508
11.60,0.005833
11.61,0.005807
11.62,0.011042
11.63,0.094658
11.64,0.269479
11.66,0.361530
11.67,0.411042
11.68,0.575804
11.69,2.497831
11.70,2.853206
11.71,1.862375
11.73,1.009407
11.74,0.822171
11.75,0.646602
11.76,0.515666
11.77,0.423433
11.78,0.282510
11.80,0.180275
11.81,0.136625
11.82,0.103156
11.83,0.094159
11.84,0.079163
11.85,0.060660
11.87,0.053534
11.88,0.043218
11.89,0.032352
11.90,0.041046
11.91,0.045598
11.92,0.051943
11.94,0.572641
11.95,1.860664
11.96,2.334579
11.97,1.838044
11.98,0.929484
11.99,0.737675
12.00,0.634840
12.02,0.481433
12.03,0.385284
12.04,0.350719
12.05,0.448523
12.06,0.566598
12.07,0.577957
12.09,0.374954
12.10,0.522287
12.11,0.497504
12.12,0.228197
12.13,0.186434
12.14,0.096663
12.16,0.094842
12.17,0.261462
12.18,0.309956
12.19,0.360587
12.20,0.503105
12.21,0.450075
12.23,0.513345
12.24,0.622538
12.25,0.450316
12.26,0.646058
12.27,0.507818
12.28,0.556846
12.29,0.564096
12.31,0.532365
12.32,0.644832
12.33,0.459331
12.34,0.656181
12.35,0.379637
12.36,0.642288
12.38,0.449343
12.39,0.604110
12.40,0.493877
12.41,0.543807
12.42,0.519607
12.43,0.430783
12.45,0.477427
12.46,0.316069
12.47,0.427979
12.48,0.287889
12.49,0.314492
12.50,0.212151
12.52,0.202465
12.53,0.163750
12.54,0.105265
12.55,0.082987
12.56,0.061376
12.57,0.033408
12.59,0.026589
12.60,0.025452
12.61,0.026271
12.62,0.020899
12.63,0.018848
12.64,0.015278
12.65,0.011016
12.67,0.008528
12.68,0.006749
12.69,0.006761
12.70,0.009101
12.71,0.016900
12.72,0.098150
12.74,0.332741
12.75,0.442049
12.76,0.376595
12.77,0.905820
12.78,2.629467
12.79,2.870188
12.81,1.534291
12.82,0.960626
12.83,0.870944
12.84,0.728253
12.85,0.421719
12.86,0.319615
12.88,0.234472
12.89,0.158418
12.90,0.118014
12.91,0.093045
12.92,0.085407
12.93,0.071645
12.95,0.062376
12.96,0.050840
12.97,0.043720
12.98,0.043667
12.99,0.044622
13.00,0.047330
13.01,0.050486
13.03,0.535449
13.04,1.651314
13.05,2.325718
13.06,1.998156
13.07,1.036699
13.08,0.902306
13.10,0.712410
13.11,0.470543
13.12,0.378159
13.13,0.369717
13.14,0.531298
13.15,0.632528
13.17,0.600431
13.18,0.366888
13.19,0.552203
13.20,0.470163
13.21,0.209929
13.22,0.148894
13.24,0.069646
13.25,0.125878
13.26,0.263196
13.27,0.305979
13.28,0.371177
13.29,0.497093
13.31,0.425645
13.32,0.486659
13.33,0.621477
13.34,0.459213
13.35,0.657501
13.36,0.531529
13.37,0.589517
13.39,0.578436
13.40,0.519070
13.41,0.647211
13.42,0.446244
13.43,0.656020
13.44,0.414160
13.46,0.664944
13.47,0.478152
13.48,0.584633
13.49,0.495258
13.50,0.523092
13.51,0.512606
13.53,0.411510
13.54,0.475563
13.55,0.335589
13.56,0.470965
13.57,0.334873
13.58,0.367814
13.60,0.221436
13.61,0.228627
13.62,0.150854
13.63,0.116301
13.64,0.077180
13.65,0.061189
13.66,0.039597
13.68,0.027547
13.69,0.023271
13.70,0.017805
13.71,0.013130
13.72,0.008762
13.73,0.008193
13.75,0.010399
13.76,0.010335
13.77,0.009439
13.78,0.010147
13.79,0.011924
13.80,0.016827
13.82,0.106991
13.83,0.305341
13.84,0.475854
13.85,0.465961
13.86,0.818864
13.87,2.458762
13.89,2.630262
13.90,1.548685
13.91,0.825393
13.92,0.687328
13.93,0.581030
13.94,0.397544
13.96,0.289239
13.97,0.203259
13.98,0.149782
13.99,0.125249
14.00,0.091563
14.01,0.079039
14.02,0.065680
14.04,0.055747
14.05,0.044295
14.06,0.041478
14.07,0.039257
14.08,0.033362
14.09,0.039388
14.11,0.037840
14.12,0.499124
14.13,1.732817
14.14,2.420587
14.15,2.143462
14.16,0.916700
14.18,0.729609
14.19,0.574502
14.20,0.425994
14.21,0.385137
14.22,0.389257
14.23,0.550243
14.25,0.598229
14.26,0.547329
14.27,0.401891
14.28,0.546091
14.29,0.467663
14.30,0.232133
14.32,0.207806
14.33,0.096365
14.34,0.089858
14.35,0.254365
14.36,0.304372
14.37,0.396591
14.38,0.516686
14.40,0.461026
14.41,0.577804
14.42,0.654947
14.43,0.487371
14.44,0.692184
14.45,0.524493
14.47,0.632093
14.48,0.596415
14.49,0.623117
14.50,0.716967
14.51,0.527911
14.52,0.724609
14.54,0.412581
14.55,0.683768
14.56,0.455329
14.57,0.655388
14.58,0.490081
14.59,0.595703
14.61,0.505826
14.62,0.490695
14.63,0.459827
14.64,0.654175
14.65,1.248514
14.66,1.328593
14.68,1.325050
14.69,1.061559
14.70,0.913249
14.71,1.020759
14.72,1.024859
14.73,0.959745
14.74,0.717754
14.76,0.502009
14.77,0.557369
14.78,0.744207
14.79,1.168746
14.80,1.046041
14.81,0.901264
14.83,1.167143
14.84,0.889144
14.85,1.094571
14.86,1.066187
14.87,0.624026
14.88,0.777471
14.90,0.508152
14.91,0.622916
14.92,0.853724
14.93,0.978403
14.94,1.066663
14.95,1.077570
14.97,2.558286
14.98,3.200128
14.99,2.731017
15.00,1.870838
15.01,1.957878
15.02,2.000140
15.03,1.770640
15.05,1.626928
15.06,1.527144
15.07,1.401896
15.08,1.223057
15.09,1.161903
15.10,1.124389
15.12,0.992328
15.13,0.845677
15.14,0.672423
15.15,0.443517
15.16,0.273641
15.17,0.233390
15.19,0.256697
15.20,0.308700
15.21,1.034957
15.22,2.127923
15.23,2.830705
15.24,2.241908
15.26,1.120362
15.27,0.688505
15.28,0.712083
15.29,0.642757
15.30,0.579990
15.31,0.386050
15.33,0.380541
15.34,0.657027
15.35,0.781950
15.36,0.805481
15.37,0.825999
15.38,0.872510
15.39,0.328185
15.41,0.335784
15.42,0.172186
15.43,0.252466
15.44,0.276885
15.45,0.410714
15.46,0.491706
15.48,0.575905
15.49,0.606003
15.50,0.555268
15.51,0.794030
15.52,0.638918
15.53,0.856429
15.55,0.760123
15.56,0.797861
15.57,0.870587
15.58,0.739943
15.59,0.912775
15.60,0.592554
15.62,0.899311
15.63,0.580080
15.64,0.869468
15.65,0.637142
15.66,0.815024
15.67,0.722504
15.69,0.797754
15.70,0.744528
15.71,0.647485
15.72,0.693701
15.73,0.972921
15.74,1.432252
15.75,1.389290
15.77,1.052062
15.78,1.156838
15.79,1.457378
15.80,1.090957
15.81,1.186371
15.82,0.916577
15.84,0.830023
15.85,0.782046
15.86,0.688752
15.87,0.642063
15.88,1.034450
15.89,1.251642
15.91,1.022307
15.92,1.285094
15.93,1.274682
15.94,0.781181
15.95,0.994206
15.96,0.561260
15.98,0.670500
15.99,0.445857
16.00,0.411963
16.01,0.464803
16.02,0.553718
16.03,0.626423
16.04,0.482285
16.06,2.510508
16.07,2.923220
16.08,2.194274
16.09,1.370701
16.10,1.044815
16.11,0.717886
16.13,0.583085
16.14,0.461186
16.15,0.329504
16.16,0.243106
16.17,0.183248
16.18,0.165478
16.20,0.141352
16.21,0.100999
16.22,0.080430
16.23,0.068652
16.24,0.063858
16.25,0.046445
16.27,0.047626
16.28,0.047955
16.29,0.069386
16.30,0.722179
16.31,1.847846
16.32,2.174063
16.34,1.576997
16.35,0.891986
16.36,0.916699
16.37,0.684329
16.38,0.467659
16.39,0.465025
16.40,0.440499
16.42,0.381546
16.43,0.460281
16.44,0.600150
16.45,0.544035
16.46,0.395076
16.47,0.435753
16.49,0.285218
16.50,0.138417
16.51,0.078303
16.52,0.121615
16.53,0.219369
16.54,0.314362
16.56,0.357747
16.57,0.454628
16.58,0.449857
16.59,0.399822
16.60,0.610966
16.61,0.526000
16.63,0.631104
16.64,0.615834
16.65,0.496271
16.66,0.628249
16.67,0.429239
16.68,0.642575
16.70,0.385252
16.71,0.651696
16.72,0.478877
16.73,0.625317
16.74,0.540103
16.75,0.562064
16.76,0.560893
16.78,0.469109
16.79,0.531607
16.80,0.340934
16.81,0.449722
16.82,0.268252
16.83,0.377325
16.85,0.260659
16.86,0.260074
16.87,0.198789
16.88,0.180575
16.89,0.154910
16.90,0.098506
16.92,0.082412
16.93,0.063852
16.94,0.027525
16.95,0.020344
16.96,0.016310
16.97,0.018994
16.99,0.013403
17.00,0.012717
17.01,0.012682
17.02,0.011049
17.03,0.008874
17.04,0.007860
17.06,0.009744
17.07,0.011783
17.08,0.021108
17.09,0.147886
17.10,0.296129
17.11,0.393906
17.12,0.368784
17.14,0.820305
17.15,2.391499
17.16,2.668794
17.17,1.754865
17.18,1.009822
17.19,0.807713
17.21,0.648565
17.22,0.478323
17.23,0.367711
17.24,0.237352
17.25,0.173060
17.26,0.119685
17.28,0.099174
17.29,0.098343
17.30,0.087495
17.31,0.058775
17.32,0.048257
17.33,0.048549
17.35,0.039963
17.36,0.045646
17.37,0.049775
17.38,0.044358
17.39,0.568074
17.40,1.857365
17.41,2.188349
17.43,1.559047
17.44,0.930742
17.45,0.956623
17.46,0.730634
17.47,0.498721
17.48,0.441882
17.50,0.407240
17.51,0.359255
17.52,0.537574
17.53,0.573252
17.54,0.444733
17.55,0.452985
17.57,0.443052
17.58,0.217249
17.59,0.111172
17.60,0.064385
17.61,0.100982
17.62,0.216164
17.64,0.293273
17.65,0.334118
17.66,0.456462
17.67,0.466240
17.68,0.389027
17.69,0.604122
17.71,0.508813
17.72,0.603994
17.73,0.607473
17.74,0.486366
17.75,0.597036
17.76,0.408599
17.77,0.610142
17.79,0.385157
17.80,0.666835
17.81,0.499730
17.82,0.643639
17.83,0.558868
17.84,0.545319
17.86,0.553525
17.87,0.432748
17.88,0.505688
17.89,0.310766
17.90,0.434308
17.91,0.273886
17.93,0.417974
17.94,0.297367
17.95,0.307472
17.96,0.212371
17.97,0.199049
17.98,0.143222
18.00,0.106447
18.01,0.072082
18.02,0.053308
18.03,0.035776
18.04,0.029715
18.05,0.028587
18.07,0.017820
18.08,0.013013
18.09,0.008278
18.10,0.007227
18.11,0.007676
18.12,0.005684
18.13,0.006796
18.15,0.006550
18.16,0.012946
18.17,0.022029
18.18,0.215165
18.19,0.312617
18.20,0.386960
18.22,0.405626
18.23,1.007132
18.24,2.565611
18.25,2.756555
18.26,1.781816
18.27,0.929903
18.29,0.825857
18.30,0.675120
18.31,0.470608
18.32,0.376732
18.33,0.232546
18.34,0.154185
18.36,0.143548
18.37,0.110541
18.38,0.101027
18.39,0.083397
18.40,0.057055
18.41,0.049689
18.43,0.041879
18.44,0.038376
18.45,0.033477
18.46,0.037029
18.47,0.049160
18.48,0.590951
18.49,1.974069
18.51,2.341867
18.52,1.625514
18.53,0.847888
18.54,0.827833
18.55,0.614523
18.56,0.519288
18.58,0.460044
18.59,0.412043
18.60,0.352483
18.61,0.497401
18.62,0.556599
18.63,0.445901
18.65,0.413616
18.66,0.407486
18.67,0.226189
18.68,0.098908
18.69,0.091501
18.70,0.146196
18.72,0.246155
18.73,0.321808
18.74,0.366837
18.75,0.455037
18.76,0.479550
18.77,0.451949
18.78,0.623710
18.80,0.521264
18.81,0.608813
18.82,0.614134
18.83,0.477289
18.84,0.617270
18.85,0.445038
18.87,0.652469
18.88,0.411902
18.89,0.705527
18.90,0.516524
18.91,0.665299
18.92,0.573576
18.94,0.576689
18.95,0.579793
18.96,0.461731
18.97,0.534000
18.98,0.334844
18.99,0.451071
19.01,0.254283
19.02,0.369562
19.03,0.267822
19.04,0.254504
19.05,0.205906
19.06,0.138083
19.08,0.113464
19.09,0.073531
19.10,0.059373
19.11,0.043209
19.12,0.026338
19.13,0.015917
19.14,0.013704
19.16,0.013185
19.17,0.010500
19.18,0.008764
19.19,0.007458
19.20,0.006215
19.21,0.005705
19.23,0.005801
19.24,0.006234
19.25,0.010846
19.26,0.024989
19.27,0.134690
19.28,0.263836
19.30,0.351439
19.31,0.341078
19.32,1.231329
19.33,2.714490
19.34,2.810584
19.35,1.865057
19.37,1.073267
19.38,0.975002
19.39,0.667336
19.40,0.530594
19.41,0.386097
19.42,0.262233
19.44,0.187643
19.45,0.163301
19.46,0.127522
19.47,0.121112
19.48,0.090544
19.49,0.057447
19.50,0.051000
19.52,0.045180
19.53,0.033908
19.54,0.043971
19.55,0.042891
19.56,0.053276
19.57,0.617214
19.59,2.070731
19.60,2.476258
19.61,1.873751
19.62,0.897526
19.63,0.951820
19.64,0.773231
19.66,0.518772
19.67,0.426750
19.68,0.435334
19.69,0.363672
19.70,0.552945
19.71,0.604032
19.73,0.481601
19.74,0.444342
19.75,0.422274
19.76,0.227488
19.77,0.098200
19.78,0.086202
19.80,0.122571
19.81,0.238452
19.82,0.316004
19.83,0.371148
19.84,0.473073
19.85,0.464300
19.86,0.436312
19.88,0.625580
19.89,0.538556
19.90,0.656405
19.91,0.631723
19.92,0.514994
19.93,0.616764
19.95,0.454300
19.96,0.651932
19.97,0.387520
19.98,0.674188
19.99,0.490731
20.00,0.632238
20.02,0.542179
20.03,0.547218
20.04,0.543543
20.05,0.451287
20.06,0.521635
20.07,0.321453
20.09,0.433883
20.10,0.243935
20.11,0.359081
20.12,0.241278
20.13,0.250487
20.14,0.187749
20.15,0.162297
20.17,0.132323
20.18,0.092998
20.19,0.074369
20.20,0.061037
20.21,0.029997
20.22,0.022783
20.24,0.016765
20.25,0.013058
20.26,0.015063
20.27,0.015387
20.28,0.011389
20.29,0.010704
20.31,0.008275
20.32,0.006684
20.33,0.008520
20.34,0.015259
20.35,0.033257
20.36,0.184870
20.38,0.329094
20.39,0.415644
20.40,0.427042
20.41,1.158815
20.42,2.608966
20.43,2.689005
20.45,1.769657
20.46,1.010646
20.47,0.884870
20.48,0.644036
20.49,0.454125
20.50,0.358373
20.51,0.234500
20.53,0.158945
20.54,0.147391
20.55,0.116746
20.56,0.107886
20.57,0.100599
20.58,0.063012
20.60,0.049354
20.61,0.047414
20.62,0.051479
20.63,0.052704
20.64,0.051598
20.65,0.072657
20.67,0.783978
20.68,1.939665
20.69,2.280191
20.70,1.532798
20.71,0.911263
20.72,0.808456
20.74,0.660278
20.75,0.548239
20.76,0.553485
20.77,0.462201
20.78,0.355007
20.79,0.472974
20.81,0.555756
20.82,0.498308
20.83,0.367656
20.84,0.400213
20.85,0.260118
20.86,0.110529
20.87,0.085806
20.89,0.135094
20.90,0.228545
20.91,0.347093
20.92,0.403313
20.93,0.483702
20.94,0.517683
20.96,0.403768
20.97,0.625102
20.98,0.545364
20.99,0.592064
21.00,0.652936
21.01,0.456322
21.03,0.625605
21.04,0.380852
21.05,0.622247
21.06,0.414827
21.07,0.652069
21.08,0.524696
21.10,0.584344
21.11,0.560022
21.12,0.498435
21.13,0.553296
21.14,0.420639
21.15,0.525008
21.16,0.313517
21.18,0.436211
21.19,0.257959
21.20,0.348548
21.21,0.267197
21.22,0.244963
21.23,0.196195
21.25,0.166726
21.26,0.143309
21.27,0.087854
21.28,0.072323
21.29,0.064143
21.30,0.029629
21.32,0.024006
21.33,0.022528
21.34,0.021590
21.35,0.016768
21.36,0.010640
21.37,0.009345
21.39,0.009552
21.40,0.009576
21.41,0.008437
21.42,0.008962
21.43,0.010919
21.44,0.024630
21.46,0.159555
21.47,0.327574
21.48,0.434556
21.49,0.400178
21.50,0.553119
21.51,2.413410
21.52,2.670043
21.54,1.795472
21.55,1.071422
21.56,0.907928
21.57,0.665575
21.58,0.486671
21.59,0.373722
21.61,0.247956
21.62,0.170492
21.63,0.153696
21.64,0.123378
21.65,0.105810
21.66,0.083894
21.68,0.054530
21.69,0.049635
21.70,0.053959
21.71,0.041763
21.72,0.046990
21.73,0.049000
21.75,0.049400
21.76,0.650751
21.77,1.678979
21.78,2.178537
21.79,1.579162
21.80,0.938931
21.82,0.885458
21.83,0.639740
21.84,0.480341
21.85,0.446652
21.86,0.411461
21.87,0.336216
21.88,0.466855
21.90,0.523253
21.91,0.452887
21.92,0.383317
21.93,0.396678
21.94,0.231555
21.95,0.098779
21.97,0.067616
21.98,0.104571
21.99,0.211451
22.00,0.302488
22.01,0.368897
22.02,0.480294
22.04,0.509308
22.05,0.394873
22.06,0.633758
22.07,0.552965
22.08,0.596488
22.09,0.631122
22.11,0.467841
22.12,0.618557
22.13,0.386971
22.14,0.633002
22.15,0.425638
22.16,0.659329
22.18,0.533834
22.19,0.603409
22.20,0.574033
22.21,0.488378
22.22,0.546826
22.23,0.396669
22.24,0.510658
22.26,0.291637
22.27,0.430064
22.28,0.281652
22.29,0.404065
22.30,0.303910
22.31,0.288391
22.33,0.232176
22.34,0.180607
22.35,0.145184
22.36,0.101109
22.37,0.074744
22.38,0.058376
22.40,0.045070
22.41,0.034136
22.42,0.027183
22.43,0.019514
22.44,0.015394
22.45,0.010850
22.47,0.009414
22.48,0.009849
22.49,0.007449
22.50,0.007595
22.51,0.006220
22.52,0.013533
22.53,0.021478
22.55,0.155653
22.56,0.286640
22.57,0.363575
22.58,0.392821
22.59,0.473063
22.60,2.469013
22.62,2.786757
22.63,1.815599
22.64,1.011292
22.65,0.867184
22.66,0.614038
22.67,0.368441
22.69,0.337448
22.70,0.265312
22.71,0.184900
22.72,0.158845
22.73,0.114795
22.74,0.092975
22.76,0.065703
22.77,0.046299
22.78,0.044205
22.79,0.042970
22.80,0.042624
22.81,0.036518
22.83,0.041336
22.84,0.049140
22.85,0.615161
22.86,1.840632
22.87,2.152215
22.88,1.572677
22.89,0.839039
22.91,0.813113
22.92,0.618661
22.93,0.501025
22.94,0.414149
22.95,0.354903
22.96,0.430398
22.98,0.567034
22.99,0.581791
23.00,0.395403
23.01,0.489336
23.02,0.468750
23.03,0.225431
23.05,0.162258
23.06,0.080813
23.07,0.106881
23.08,0.230684
23.09,0.300864
23.10,0.340646
23.12,0.480783
23.13,0.493888
23.14,0.470683
23.15,0.621452
23.16,0.494401
23.17,0.630592
23.19,0.602492
23.20,0.509375
23.21,0.612773
23.22,0.449668
23.23,0.653377
23.24,0.391952
23.25,0.667999
23.27,0.476836
23.28,0.624552
23.29,0.527463
23.30,0.535429
23.31,0.534838
23.32,0.458981
23.34,0.525137
23.35,0.347347
23.36,0.462857
23.37,0.259356
23.38,0.389936
23.39,0.275832
23.41,0.272112
23.42,0.218827
23.43,0.152845
23.44,0.122504
23.45,0.070929
23.46,0.051082
23.48,0.046582
23.49,0.025558
23.50,0.020417
23.51,0.016452
23.52,0.016671
23.53,0.014159
23.55,0.012079
23.56,0.010740
23.57,0.010397
23.58,0.009326
23.59,0.008175
23.60,0.007168
23.61,0.011904
23.63,0.027950
23.64,0.164387
23.65,0.318553
23.66,0.437348
23.67,0.448437
23.68,0.447811
23.70,2.279417
23.71,2.623524
23.72,1.821643
23.73,1.077013
23.74,0.948035
23.75,0.639094
23.77,0.455861
23.78,0.334166
23.79,0.274150
23.80,0.212917
23.81,0.159844
23.82,0.121735
23.84,0.100059
23.85,0.075158
23.86,0.060536
23.87,0.054495
23.88,0.057080
23.89,0.051587
23.90,0.051642
23.92,0.054982
23.93,0.067926
23.94,0.642882
23.95,1.883642
23.96,2.280874
23.97,1.790854
23.99,0.961649
24.00,0.996447
24.01,0.786145
24.02,0.497183
24.03,0.392179
24.04,0.374214
24.06,0.385028
24.07,0.597189
24.08,0.609443
24.09,0.425171
24.10,0.500127
24.11,0.475947
24.13,0.240925
24.14,0.157902
24.15,0.076429
24.16,0.107995
24.17,0.230493
24.18,0.332250
24.20,0.377448
24.21,0.526268
24.22,0.518769
24.23,0.470632
24.24,0.645063
24.25,0.544863
24.26,0.657172
24.28,0.612894
24.29,0.518324
24.30,0.600360
24.31,0.453102
24.32,0.643833
24.33,0.387800
24.35,0.677126
24.36,0.499606
24.37,0.633311
24.38,0.542895
24.39,0.558895
24.40,0.546432
24.42,0.496091
24.43,0.550872
24.44,0.385941
24.45,0.492370
24.46,0.282858
24.47,0.403902
24.49,0.248833
24.50,0.277464
24.51,0.171505
24.52,0.166483
24.53,0.127021
24.54,0.092592
24.56,0.077550
24.57,0.076638
24.58,0.036281
24.59,0.030581
24.60,0.022511
24.61,0.020705
24.62,0.018490
24.64,0.019410
24.65,0.016256
24.66,0.011765
24.67,0.010274
24.68,0.009386
24.69,0.010272
24.71,0.011157
24.72,0.016992
24.73,0.098269
24.74,0.292688
24.75,0.373077
24.76,0.365496
24.78,0.761102
24.79,2.593870
24.80,2.785026
24.81,1.763241
24.82,0.996997
24.83,0.923894
24.85,0.642181
24.86,0.461232
24.87,0.334477
24.88,0.268692
24.89,0.169962
24.90,0.128498
24.92,0.098223
24.93,0.077486
24.94,0.069137
24.95,0.061907
24.96,0.052383
24.97,0.049588
24.98,0.053851
25.00,0.056557
25.01,0.055729
25.02,0.060448
25.03,0.611162
25.04,1.754543
25.05,2.346253
25.07,1.657694
25.08,0.985238
25.09,0.941166
25.10,0.739543
25.11,0.531824
25.12,0.451256
25.14,0.364451
25.15,0.393481
25.16,0.562955
25.17,0.603070
25.18,0.452658
25.19,0.490843
25.21,0.482459
25.22,0.235273
25.23,0.146190
25.24,0.075573
25.25,0.103713
25.26,0.230686
25.27,0.319870
25.29,0.336682
25.30,0.504133
25.31,0.480521
25.32,0.463414
25.33,0.613273
25.34,0.507561
25.36,0.627734
25.37,0.582445
25.38,0.486252
25.39,0.595821
25.40,0.426582
25.41,0.620748
25.43,0.364463
25.44,0.623308
25.45,0.459727
25.46,0.596890
25.47,0.517349
25.48,0.526340
25.50,0.531045
25.51,0.461702
25.52,0.530956
25.53,0.355577
25.54,0.465675
25.55,0.283332
25.57,0.393434
25.58,0.262957
25.59,0.246099
25.60,0.191804
25.61,0.175959
25.62,0.150423
25.63,0.088457
25.65,0.075250
25.66,0.064477
25.67,0.030199
25.68,0.025660
25.69,0.021205
25.70,0.021017
25.72,0.016740
25.73,0.014720
25.74,0.012585
25.75,0.009909
25.76,0.009143
25.77,0.006041
25.79,0.006026
25.80,0.009990
25.81,0.018443
25.82,0.098054
25.83,0.280910
25.84,0.414101
25.86,0.410277
25.87,0.342995
25.88,2.133360
25.89,2.630975
25.90,1.773860
25.91,0.969624
25.93,0.847353
25.94,0.614310
25.95,0.453668
25.96,0.325291
25.97,0.257299
25.98,0.173179
25.99,0.125314
26.01,0.102280
26.02,0.087992
26.03,0.072136
26.04,0.052603
26.05,0.047941
26.06,0.046925
26.08,0.037737
26.09,0.038787
26.10,0.043954
26.11,0.044317
26.12,0.653672
26.13,1.840765
26.15,2.270270
26.16,1.880203
26.17,0.929253
26.18,0.948811
26.19,0.761177
26.20,0.518313
26.22,0.477693
26.23,0.423491
26.24,0.455707
26.25,0.628000
26.26,0.626098
26.27,0.418995
26.28,0.504504
26.30,0.462532
26.31,0.214240
26.32,0.107981
26.33,0.071631
26.34,0.111614
26.35,0.249001
26.37,0.319705
26.38,0.341813
26.39,0.489803
26.40,0.491612
26.41,0.408375
26.42,0.619148
26.44,0.516240
26.45,0.609572
26.46,0.596856
26.47,0.515477
26.48,0.620431
26.49,0.443778
26.51,0.643121
26.52,0.392822
26.53,0.678419
26.54,0.511104
26.55,0.644336
26.56,0.570420
26.58,0.539730
26.59,0.566415
26.60,0.446019
26.61,0.538930
26.62,0.334457
26.63,0.467240
26.64,0.289042
26.66,0.437724
26.67,0.303003
26.68,0.322111
26.69,0.223468
26.70,0.223935
26.71,0.156043
26.73,0.111571
26.74,0.074906
26.75,0.058738
26.76,0.041231
26.77,0.029744
26.78,0.025342
26.80,0.016897
26.81,0.013574
26.82,0.008972
26.83,0.008725
26.84,0.010026
26.85,0.006934
26.87,0.007970
26.88,0.006531
26.89,0.010729
26.90,0.019200
26.91,0.172929
26.92,0.325545
26.94,0.435930
26.95,0.485057
26.96,0.452330
26.97,2.513570
26.98,2.836030
26.99,1.956148
27.00,1.033817
27.02,0.919615
27.03,0.672409
27.04,0.428695
27.05,0.371988
27.06,0.275456
27.07,0.192089
27.09,0.165367
27.10,0.126249
27.11,0.099152
27.12,0.065098
27.13,0.047056
27.14,0.042835
27.16,0.043297
27.17,0.043728
27.18,0.038404
27.19,0.041415
27.20,0.047895
27.21,0.644505
27.23,1.890781
27.24,2.217505
27.25,1.627537
27.26,0.829969
27.27,0.853817
27.28,0.676266
27.30,0.526704
27.31,0.452976
27.32,0.420116
27.33,0.406413
27.34,0.560848
27.35,0.611334
27.36,0.466503
27.38,0.435308
27.39,0.429302
27.40,0.237685
27.41,0.118661
27.42,0.088433
27.43,0.150729
27.45,0.231905
27.46,0.361682
27.47,0.428316
27.48,0.463736
27.49,0.534991
27.50,0.455267
27.52,0.628901
27.53,0.601491
27.54,0.483163
27.55,0.607707
27.56,0.364561
27.57,0.581697
27.59,0.399349
27.60,0.670468
27.61,0.538925
27.62,0.662998
27.63,0.641340
27.64,0.543733
27.65,0.626856
27.67,0.414499
27.68,0.570232
27.69,0.320410
27.70,0.488379
27.71,0.280139
27.72,0.415450
27.74,0.308479
27.75,0.386494
27.76,0.320270
27.77,0.249788
27.78,0.233417
27.79,0.123616
27.81,0.103647
27.82,0.076383
27.83,0.057103
27.84,0.043012
27.85,0.031423
27.86,0.022005
27.88,0.021054
27.89,0.020571
27.90,0.015450
27.91,0.011153
27.92,0.009489
27.93,0.006839
27.95,0.006397
27.96,0.005954
27.97,0.005394
27.98,0.009910
27.99,0.017913
28.00,0.102371
28.01,0.270346
28.03,0.512163
28.04,0.581657
28.05,0.652214
28.06,2.496259
28.07,2.740245
28.08,1.826907
28.10,1.166641
28.11,1.029391
28.12,0.784787
28.13,0.521591
28.14,0.365931
28.15,0.299777
28.17,0.225650
28.18,0.177847
28.19,0.149173
28.20,0.119298
28.21,0.079075
28.22,0.060527
28.24,0.057882
28.25,0.055166
28.26,0.046850
28.27,0.051098
28.28,0.055321
28.29,0.061836
28.31,0.709877
28.32,1.971864
28.33,2.439594
28.34,1.631436
28.35,0.858156
28.36,0.927147
28.37,0.767014
28.39,0.591569
28.40,0.468958
28.41,0.465420
28.42,0.394026
28.43,0.477151
28.44,0.602246
28.46,0.537912
28.47,0.348704
28.48,0.400090
28.49,0.279008
28.50,0.106583
28.51,0.075221
28.53,0.140548
28.54,0.163066
28.55,0.353071
28.56,0.450687
28.57,0.416386
28.58,0.538425
28.60,0.484262
28.61,0.618063
28.62,0.659770
28.63,0.477174
28.64,0.621224
28.65,0.395629
28.67,0.615700
28.68,0.449723
28.69,0.653952
28.70,0.574253
28.71,0.608373
28.72,0.642147
28.73,0.502234
28.75,0.628039
28.76,0.376741
28.77,0.542720
28.78,0.292015
28.79,0.475309
28.80,0.303504
28.82,0.428366
28.83,0.328608
28.84,0.373939
28.85,0.318126
28.86,0.231347
28.87,0.218953
28.89,0.138836
28.90,0.115883
28.91,0.089671
28.92,0.079296
28.93,0.065879
28.94,0.036643
28.96,0.027172
28.97,0.016551
28.98,0.013685
28.99,0.011695
29.00,0.010927
29.01,0.010352
29.02,0.010507
29.04,0.008305
29.05,0.005744
29.06,0.006575
29.07,0.009837
29.08,0.038903
29.09,0.128215
29.11,0.381720
29.12,0.482683
29.13,0.429508
29.14,1.601659
29.15,2.680360
29.16,2.593379
29.18,1.302977
29.19,0.863576
29.20,0.713600
29.21,0.569677
29.22,0.420682
29.23,0.299383
29.25,0.215701
29.26,0.144136
29.27,0.123514
29.28,0.096157
29.29,0.076401
29.30,0.067903
29.32,0.058011
29.33,0.045913
29.34,0.045622
29.35,0.050914
29.36,0.052541
29.37,0.048368
29.38,0.063606
29.40,0.900212
29.41,1.947073
29.42,2.396938
29.43,1.410345
29.44,0.926973
29.45,0.845666
29.47,0.651988
29.48,0.565257
29.49,0.521524
29.50,0.420972
29.51,0.336042
29.52,0.387715
29.54,0.553355
29.55,0.545827
29.56,0.300321
29.57,0.405668
29.58,0.302658
29.59,0.102502
29.61,0.069995
29.62,0.136565
29.63,0.162347
29.64,0.364393
29.65,0.454125
29.66,0.369542
29.68,0.558110
29.69,0.530337
29.70,0.549554
29.71,0.616453
29.72,0.383891
29.73,0.604728
29.74,0.432492
29.76,0.627368
29.77,0.541005
29.78,0.627649
29.79,0.632861
29.80,0.517258
29.81,0.633792
29.83,0.400818
29.84,0.577937
29.85,0.315219
29.86,0.505069
29.87,0.327329
