0.00,1.785031
0.01,1.416702
0.02,1.245539
0.03,0.793206
0.05,1.029245
0.06,1.693398
0.07,1.840828
0.08,1.529759
0.09,1.872121
0.10,1.373470
0.12,1.734750
0.13,1.336179
0.14,1.643270
0.15,1.335771
0.16,1.566140
0.17,1.306753
0.19,1.492580
0.20,1.305407
0.21,1.395882
0.22,1.322395
0.23,1.299864
0.24,1.367388
0.26,1.212949
0.27,1.285935
0.28,1.085057
0.29,1.248597
0.30,0.920247
0.31,1.085127
0.33,0.702883
0.34,0.868114
0.35,0.563738
0.36,0.760725
0.37,0.498022
0.38,0.615900
0.39,0.451868
0.41,0.479601
0.42,0.308889
0.43,0.265625
0.44,0.217380
0.45,0.144522
0.46,0.182990
0.48,0.121061
0.49,0.164453
0.50,0.123162
0.51,0.132332
0.52,0.109256
0.53,0.088155
0.55,0.208113
0.56,0.286189
0.57,0.248306
0.58,0.192813
0.59,0.160146
0.60,0.117033
0.62,0.096101
0.63,0.109375
0.64,0.050203
0.65,0.046691
0.66,0.041683
0.67,0.036582
0.68,0.033297
0.70,0.027800
0.71,0.023469
0.72,0.019244
0.73,0.016744
0.74,0.014700
0.75,0.014089
0.77,0.012095
0.78,0.014396
0.79,0.017424
0.80,1.005891
0.81,1.591716
0.82,1.505929
0.84,0.497704
0.85,0.470214
0.86,0.615574
0.87,0.537911
0.88,0.377035
0.89,0.403754
0.91,0.268807
0.92,0.318340
0.93,0.168681
0.94,0.167395
0.95,0.154890
0.96,0.152307
0.98,0.165562
0.99,0.148906
1.00,0.216341
1.01,0.090971
1.02,0.139916
1.03,0.084942
1.04,0.108898
1.06,0.076904
1.07,0.079992
1.08,0.812729
1.09,1.399393
1.10,1.270943
1.11,1.177922
1.13,0.696192
1.14,0.919785
1.15,1.524919
1.16,1.665274
1.17,1.396228
1.18,1.704650
1.20,1.205007
1.21,1.576072
1.22,1.182507
1.23,1.538062
1.24,1.187809
1.25,1.517526
1.27,1.188900
1.28,1.485680
1.29,1.202194
1.30,1.390781
1.31,1.214094
1.32,1.297662
1.34,1.318370
1.35,1.249812
1.36,1.293734
1.37,1.128584
1.38,1.291480
1.39,1.017882
1.40,1.136950
1.42,0.805633
1.43,0.875936
1.44,0.541674
1.45,0.703516
1.46,0.425312
1.47,0.570173
1.49,0.347843
1.50,0.409594
1.51,0.225711
1.52,0.219840
1.53,0.182009
1.54,0.140043
1.56,0.160214
1.57,0.095384
1.58,0.142889
1.59,0.124381
1.60,0.135568
1.61,0.104110
1.63,0.086125
1.64,0.202141
1.65,0.262405
1.66,0.253010
1.67,0.223454
1.68,0.168009
1.70,0.137538
1.71,0.103053
1.72,0.089898
1.73,0.076305
1.74,0.059741
1.75,0.041541
1.76,0.029025
1.78,0.024050
1.79,0.024802
1.80,0.022258
1.81,0.016637
1.82,0.015995
1.83,0.016180
1.85,0.016176
1.86,0.011510
1.87,0.013667
1.88,0.016965
1.89,1.146104
1.90,1.530212
1.92,1.361478
1.93,0.383463
1.94,0.455237
1.95,0.509374
1.96,0.539978
1.97,0.286904
1.99,0.314317
2.00,0.208571
2.01,0.167399
2.02,0.152937
2.03,0.145738
2.04,0.152097
2.05,0.161096
2.07,0.178772
2.08,0.174034
2.09,0.180616
2.10,0.118456
2.11,0.143164
2.12,0.106813
2.14,0.086989
2.15,0.080854
2.16,0.066303
2.17,0.814916
2.18,1.494776
2.19,1.367586
2.21,1.105008
2.22,0.694078
2.23,0.964766
2.24,1.495155
2.25,1.711475
2.26,1.267506
2.28,1.666254
2.29,1.094974
2.30,1.546771
2.31,1.128985
2.32,1.575633
2.33,1.147084
2.35,1.548724
2.36,1.141441
2.37,1.497996
2.38,1.173105
2.39,1.432396
2.40,1.172327
2.41,1.325753
2.43,1.266952
2.44,1.294105
2.45,1.179593
2.46,1.143318
2.47,1.196590
2.48,1.023332
2.50,1.122604
2.51,0.778782
2.52,0.868538
2.53,0.542522
2.54,0.678637
2.55,0.422024
2.57,0.594860
2.58,0.365231
2.59,0.450761
2.60,0.240962
2.61,0.243893
2.62,0.205072
2.64,0.158904
2.65,0.172733
2.66,0.098546
2.67,0.138565
2.68,0.095208
2.69,0.111734
2.71,0.084226
2.72,0.074213
2.73,0.214045
2.74,0.267621
2.75,0.239797
2.76,0.186282
2.77,0.154339
2.79,0.150525
2.80,0.114443
2.81,0.098100
2.82,0.062443
2.83,0.049634
2.84,0.042201
2.86,0.040834
2.87,0.038668
2.88,0.038301
2.89,0.033975
2.90,0.026034
2.91,0.025315
2.93,0.019203
2.94,0.020925
2.95,0.016945
2.96,0.017377
2.97,0.020767
2.98,1.050825
3.00,1.574716
3.01,1.343241
3.02,0.338937
3.03,0.581754
3.04,0.501447
3.05,0.624817
3.07,0.295409
3.08,0.358060
3.09,0.219521
3.10,0.188221
3.11,0.165270
3.12,0.123806
3.13,0.160389
3.15,0.145423
3.16,0.225510
3.17,0.183708
3.18,0.221049
3.19,0.117970
3.20,0.164900
3.22,0.122021
3.23,0.111308
3.24,0.096073
3.25,0.082828
3.26,0.870287
3.27,1.493030
3.29,1.229916
3.30,1.248543
3.31,0.748382
3.32,1.007633
3.33,1.484814
3.34,1.732790
3.36,1.299636
3.37,1.765797
3.38,1.105611
3.39,1.623074
3.40,1.075182
3.41,1.568512
3.42,1.090961
3.44,1.527448
3.45,1.109787
3.46,1.498961
3.47,1.170180
3.48,1.469459
3.49,1.193511
3.51,1.384572
3.52,1.283521
3.53,1.350410
3.54,1.213206
3.55,1.217685
3.56,1.164127
3.58,1.020888
3.59,1.077848
3.60,0.757077
3.61,0.856965
3.62,0.541013
3.63,0.695248
3.65,0.444730
3.66,0.632045
3.67,0.403307
3.68,0.479056
3.69,0.262205
3.70,0.259680
3.72,0.223995
3.73,0.170558
3.74,0.190720
3.75,0.115346
3.76,0.174177
3.77,0.131558
3.78,0.161062
3.80,0.117223
3.81,0.112723
3.82,0.252698
3.83,0.324972
3.84,0.286883
3.85,0.230516
3.87,0.161578
3.88,0.158083
3.89,0.099244
3.90,0.080434
3.91,0.059359
3.92,0.041876
3.94,0.036077
3.95,0.031175
3.96,0.027760
3.97,0.027612
3.98,0.027484
3.99,0.023287
4.01,0.021949
4.02,0.017417
4.03,0.016238
4.04,0.015147
4.05,0.017663
4.06,0.024698
4.08,1.094150
4.09,1.723791
4.10,1.415426
4.11,0.440696
4.12,0.510769
4.13,0.530070
4.14,0.604291
4.16,0.347876
4.17,0.415848
4.18,0.269348
4.19,0.220744
4.20,0.162764
4.21,0.133642
4.23,0.153811
4.24,0.131280
4.25,0.187485
4.26,0.165315
4.27,0.210677
4.28,0.093707
4.30,0.143038
4.31,0.082850
4.32,0.113652
4.33,0.087436
4.34,0.078346
4.35,0.882150
4.37,1.414837
4.38,1.274648
4.39,1.292576
4.40,0.792356
4.41,1.027772
4.42,1.428002
4.44,1.639944
4.45,1.267293
4.46,1.679407
4.47,1.092562
4.48,1.580295
4.49,1.090841
4.50,1.537785
4.52,1.121497
4.53,1.520370
4.54,1.115825
4.55,1.459296
4.56,1.130382
4.57,1.382437
4.59,1.195247
4.60,1.326280
4.61,1.291679
4.62,1.286967
4.63,1.267532
4.64,1.212234
4.66,1.269318
4.67,1.059757
4.68,1.124369
4.69,0.816229
4.70,0.878848
4.71,0.553540
4.73,0.697022
4.74,0.402860
4.75,0.584221
4.76,0.337167
4.77,0.424116
4.78,0.229979
4.79,0.236249
4.81,0.218498
4.82,0.167157
4.83,0.176140
4.84,0.099716
4.85,0.140157
4.86,0.099597
4.88,0.123155
4.89,0.090788
4.90,0.078217
4.91,0.236232
4.92,0.309939
4.93,0.262940
4.95,0.186739
4.96,0.156810
4.97,0.120599
4.98,0.103840
4.99,0.114298
5.00,0.057991
5.02,0.046995
5.03,0.032655
5.04,0.030978
5.05,0.030643
5.06,0.029878
5.07,0.024456
5.09,0.018431
5.10,0.016394
5.11,0.013823
5.12,0.013542
5.13,0.013746
5.14,0.017033
5.15,0.018986
5.17,1.103444
5.18,1.599858
5.19,1.306038
5.20,0.364595
5.21,0.498535
5.22,0.527586
5.24,0.620313
5.25,0.281650
5.26,0.341574
5.27,0.205065
5.28,0.162374
5.29,0.156112
5.31,0.128380
5.32,0.172073
5.33,0.140566
5.34,0.217667
5.35,0.178154
5.36,0.211661
5.38,0.106929
5.39,0.128524
5.40,0.100719
5.41,0.079240
5.42,0.079775
5.43,0.041401
5.45,0.859632
5.46,1.460482
5.47,1.310759
5.48,1.184261
5.49,0.768213
5.50,1.010407
5.51,1.387405
5.53,1.711498
5.54,1.221281
5.55,1.718392
5.56,1.033416
5.57,1.556333
5.58,0.995080
5.60,1.485518
5.61,1.018636
5.62,1.504662
5.63,1.037924
5.64,1.505389
5.65,1.063814
5.67,1.452162
5.68,1.101681
5.69,1.395226
5.70,1.218726
5.71,1.369318
5.72,1.225851
5.74,1.269597
5.75,1.234545
5.76,1.134592
5.77,1.118818
5.78,0.889637
5.79,0.893441
5.80,0.603252
5.82,0.667940
5.83,0.395425
5.84,0.555930
5.85,0.320170
5.86,0.420035
5.87,0.211451
5.89,0.231631
5.90,0.187826
5.91,0.164290
5.92,0.167022
5.93,0.099557
5.94,0.133880
5.96,0.109931
5.97,0.140527
5.98,0.101685
5.99,0.093511
6.00,0.208849
6.01,0.266527
6.03,0.236318
6.04,0.217354
6.05,0.168427
6.06,0.135628
6.07,0.083441
6.08,0.075579
6.10,0.062764
6.11,0.057179
6.12,0.041758
6.13,0.026702
6.14,0.020905
6.15,0.020739
6.16,0.020885
6.18,0.016680
6.19,0.011227
6.20,0.011245
6.21,0.012326
6.22,0.013540
6.23,0.014702
6.25,0.020063
6.26,1.202409
6.27,1.524888
6.28,1.185186
6.29,0.410515
6.30,0.501162
6.32,0.521870
6.33,0.579200
6.34,0.285461
6.35,0.338434
6.36,0.256243
6.37,0.169116
6.39,0.200508
6.40,0.177615
6.41,0.204847
6.42,0.140547
6.43,0.227473
6.44,0.147500
6.46,0.205650
6.47,0.102247
6.48,0.164230
6.49,0.112243
6.50,0.090344
6.51,0.057071
6.52,0.107877
6.54,0.871451
6.55,1.467824
6.56,1.150064
6.57,1.369845
6.58,0.904583
6.59,1.318257
6.61,1.225914
6.62,1.648967
6.63,1.021134
6.64,1.619862
6.65,1.012883
6.66,1.524371
6.68,0.936596
6.69,1.443181
6.70,0.884794
6.71,1.350070
6.72,0.880417
6.73,1.387978
6.75,0.967431
6.76,1.427413
6.77,1.008799
6.78,1.413037
6.79,1.089823
6.80,1.377006
6.82,1.087409
6.83,1.295736
6.84,1.106733
6.85,1.152416
6.86,1.063479
6.87,0.875435
6.88,0.877661
6.90,0.608903
6.91,0.687322
6.92,0.406597
6.93,0.560457
6.94,0.309609
6.95,0.433943
6.97,0.205503
6.98,0.252596
6.99,0.191348
7.00,0.179849
7.01,0.168926
7.02,0.108446
7.04,0.115864
7.05,0.078932
7.06,0.125334
7.07,0.088716
7.08,0.106995
7.09,0.213333
7.11,0.263834
7.12,0.221847
7.13,0.179220
7.14,0.154982
7.15,0.146187
7.16,0.108945
7.17,0.090694
7.19,0.067265
7.20,0.050413
7.21,0.042114
7.22,0.035009
7.23,0.029446
7.24,0.028175
7.26,0.020149
7.27,0.015713
7.28,0.013239
7.29,0.012096
7.30,0.012785
7.31,0.012488
7.33,0.013656
7.34,0.018906
7.35,1.359554
7.36,1.737299
7.37,1.043125
7.38,0.426759
7.40,0.531993
7.41,0.497045
7.42,0.563034
7.43,0.282964
7.44,0.366553
7.45,0.304230
7.47,0.153754
7.48,0.229232
7.49,0.185694
7.50,0.233397
7.51,0.149041
7.52,0.258954
7.53,0.189923
7.55,0.215475
7.56,0.123449
7.57,0.166927
7.58,0.131984
7.59,0.090961
7.60,0.087910
7.62,0.075697
7.63,0.979962
7.64,1.508587
7.65,1.158915
7.66,1.435448
7.67,1.003426
7.69,1.390440
7.70,1.282370
7.71,1.700427
7.72,1.047914
7.73,1.601900
7.74,0.965918
7.76,1.561066
7.77,0.938994
7.78,1.451072
7.79,0.888828
7.80,1.426654
7.81,0.907831
7.83,1.453590
7.84,0.967371
7.85,1.463416
7.86,1.016525
7.87,1.430067
7.88,1.112225
7.89,1.408766
7.91,1.110457
7.92,1.330482
7.93,1.119783
7.94,1.168318
7.95,1.044383
7.96,0.903630
7.98,0.864816
7.99,0.643268
8.00,0.670996
8.01,0.423336
8.02,0.530360
8.03,0.306187
8.05,0.404381
8.06,0.184291
8.07,0.232955
8.08,0.195205
8.09,0.192695
8.10,0.189753
8.12,0.128727
8.13,0.141087
8.14,0.102957
8.15,0.159789
8.16,0.097238
8.17,0.118868
8.19,0.249442
8.20,0.344915
8.21,0.293578
8.22,0.229323
8.23,0.153039
8.24,0.153789
8.25,0.085423
8.27,0.069240
8.28,0.053815
8.29,0.043591
8.30,0.034540
8.31,0.030713
8.32,0.025065
8.34,0.025246
8.35,0.019034
8.36,0.015486
8.37,0.013828
8.38,0.013371
8.39,0.013341
8.41,0.013893
8.42,0.014267
8.43,0.019651
8.44,1.561062
8.45,1.642961
8.46,0.955212
8.48,0.325587
8.49,0.498048
8.50,0.533934
8.51,0.529028
8.52,0.256145
8.53,0.307803
8.54,0.267820
8.56,0.163316
8.57,0.195836
8.58,0.184812
8.59,0.185701
8.60,0.126773
8.61,0.211108
8.63,0.172906
8.64,0.206839
8.65,0.124637
8.66,0.145812
8.67,0.113899
8.68,0.081782
8.70,0.094914
8.71,0.060944
8.72,1.019369
8.73,1.442909
8.74,1.156171
8.75,1.383689
8.77,1.005628
8.78,1.320981
8.79,1.245038
8.80,1.660190
8.81,1.050497
8.82,1.632178
8.84,0.984572
8.85,1.577393
8.86,0.952169
8.87,1.431980
8.88,0.865939
8.89,1.367909
8.90,0.877866
8.92,1.383099
8.93,0.915347
8.94,1.368107
8.95,0.994649
8.96,1.375450
8.97,1.097277
8.99,1.356071
9.00,1.124689
9.01,1.299281
9.02,1.200397
9.03,1.166444
9.04,1.086253
9.06,0.898988
9.07,0.875875
9.08,0.602091
9.09,0.676936
9.10,0.383349
9.11,0.547682
9.13,0.300933
9.14,0.407546
9.15,0.203073
9.16,0.234513
9.17,0.217687
9.18,0.186431
9.20,0.189223
9.21,0.120655
9.22,0.132251
9.23,0.094766
9.24,0.140194
9.25,0.098513
9.26,0.103148
9.28,0.221834
9.29,0.305494
9.30,0.270243
9.31,0.192807
9.32,0.147423
9.33,0.108804
9.35,0.093655
9.36,0.100264
9.37,0.056815
9.38,0.043273
9.39,0.034870
9.40,0.030732
9.42,0.028092
9.43,0.025326
9.44,0.018787
9.45,0.014459
9.46,0.013750
9.47,0.012043
9.49,0.012338
9.50,0.014740
9.51,0.019398
9.52,0.026450
9.53,1.450859
9.54,1.607780
9.56,0.906590
9.57,0.351962
9.58,0.512829
9.59,0.579629
9.60,0.555659
9.61,0.261446
9.62,0.330806
9.64,0.280078
9.65,0.152474
9.66,0.235230
9.67,0.160606
9.68,0.214583
9.69,0.144472
9.71,0.237170
9.72,0.181355
9.73,0.204416
9.74,0.133746
9.75,0.136594
9.76,0.117234
9.78,0.093299
9.79,0.088313
9.80,0.119116
9.81,0.880839
9.82,1.438756
9.83,1.073053
9.85,1.309068
9.86,1.042460
9.87,1.392845
9.88,1.213874
9.89,1.692885
9.90,0.984906
9.91,1.606183
9.93,0.988726
9.94,1.497346
9.95,0.933362
9.96,1.418595
9.97,0.882775
9.98,1.410109
10.00,0.891485
10.01,1.414077
10.02,0.911007
10.03,1.376465
10.04,0.953807
10.05,1.357571
10.07,1.060246
10.08,1.357202
10.09,1.121177
10.10,1.294548
10.11,1.178452
10.12,1.197756
10.14,1.058209
10.15,0.937140
10.16,0.884489
10.17,0.671245
10.18,0.676609
10.19,0.426145
10.21,0.515487
10.22,0.301386
10.23,0.388094
10.24,0.183667
10.25,0.226890
10.26,0.173936
10.27,0.173663
10.29,0.169549
10.30,0.113555
10.31,0.130389
10.32,0.104318
10.33,0.142517
10.34,0.095509
10.36,0.093736
10.37,0.212217
10.38,0.272715
10.39,0.240697
10.40,0.200856
10.41,0.144443
10.43,0.114982
10.44,0.090234
10.45,0.071348
10.46,0.058566
10.47,0.047308
10.48,0.036543
10.50,0.027335
10.51,0.022748
10.52,0.023988
10.53,0.018319
10.54,0.014611
10.55,0.011225
10.57,0.010524
10.58,0.010893
10.59,0.010848
10.60,0.013705
10.61,0.018914
10.62,1.346465
10.63,1.530309
10.65,1.016093
10.66,0.345025
10.67,0.542056
10.68,0.592839
10.69,0.530232
10.70,0.261175
10.72,0.324342
10.73,0.297101
10.74,0.166545
10.75,0.231825
10.76,0.157212
10.77,0.192654
10.79,0.125340
10.80,0.221380
10.81,0.171363
10.82,0.214019
10.83,0.145632
10.84,0.170484
10.86,0.148148
10.87,0.090409
10.88,0.091460
10.89,0.098322
10.90,0.840019
10.91,1.443164
10.92,1.118188
10.94,1.357476
10.95,1.057246
10.96,1.455284
10.97,1.254738
10.98,1.708615
10.99,1.012308
11.01,1.609558
11.02,1.005407
11.03,1.516137
11.04,0.943639
11.05,1.399574
11.06,0.862150
11.08,1.311440
11.09,0.846866
11.10,1.344103
11.11,0.920948
11.12,1.378865
11.13,0.962775
11.15,1.361326
11.16,1.053054
11.17,1.340982
11.18,1.062802
11.19,1.268041
11.20,1.090024
11.22,1.160951
11.23,1.034824
11.24,0.890990
11.25,0.841457
11.26,0.606731
11.27,0.659434
11.28,0.396116
11.30,0.527816
11.31,0.300034
11.32,0.411751
11.33,0.186003
11.34,0.227803
11.35,0.197330
11.37,0.184245
11.38,0.177572
11.39,0.120294
11.40,0.131242
11.41,0.081986
11.42,0.123809
11.44,0.080167
11.45,0.112057
11.46,0.227412
11.47,0.271163
11.48,0.223739
11.49,0.176889
11.51,0.143819
11.52,0.143500
11.53,0.105006
11.54,0.089884
11.55,0.063905
11.56,0.049402
11.58,0.048129
11.59,0.043436
11.60,0.036374
11.61,0.036574
11.62,0.024157
11.63,0.022532
11.64,0.016737
11.66,0.014328
11.67,0.013225
11.68,0.013306
11.69,0.014092
11.70,0.017103
11.71,1.467695
11.73,1.612862
11.74,0.845283
11.75,0.355004
11.76,0.516260
11.77,0.594357
11.78,0.522173
11.80,0.262582
11.81,0.308630
11.82,0.309561
11.83,0.161591
11.84,0.233243
11.85,0.132880
11.87,0.207958
11.88,0.150618
11.89,0.238355
11.90,0.160133
11.91,0.200245
11.92,0.151336
11.94,0.141766
11.95,0.139268
11.96,0.109224
11.97,0.102520
11.98,0.454547
11.99,0.924012
12.00,1.361639
12.02,1.056639
12.03,1.356167
12.04,1.173985
12.05,1.570400
12.06,1.230534
12.07,1.727790
12.09,1.035358
12.10,1.682475
12.11,1.040622
12.12,1.569236
12.13,0.966005
12.14,1.459724
12.16,0.891711
12.17,1.372480
12.18,0.851386
12.19,1.374128
12.20,0.909639
12.21,1.396515
12.23,0.970165
12.24,1.383903
12.25,1.073792
12.26,1.371105
12.27,1.098827
12.28,1.333997
12.29,1.142559
12.31,1.203433
12.32,1.073780
12.33,0.908147
12.34,0.911962
12.35,0.659266
12.36,0.688020
12.38,0.421228
12.39,0.554474
12.40,0.317696
12.41,0.427850
12.42,0.193754
12.43,0.234807
12.45,0.207167
12.46,0.193912
12.47,0.194561
12.48,0.120036
12.49,0.152394
12.50,0.108190
12.52,0.156078
12.53,0.100979
12.54,0.151470
12.55,0.255235
12.56,0.315323
12.57,0.282603
12.59,0.207477
12.60,0.151903
12.61,0.135843
12.62,0.091234
12.63,0.080204
12.64,0.062364
12.65,0.042286
12.67,0.035003
12.68,0.024281
12.69,0.019694
12.70,0.021738
12.71,0.022784
12.72,0.020280
12.74,0.017715
12.75,0.015830
12.76,0.010956
12.77,0.012411
12.78,0.014010
12.79,0.020219
12.81,1.553355
12.82,1.718619
12.83,0.925652
12.84,0.439706
12.85,0.512556
12.86,0.647031
12.88,0.503583
12.89,0.331249
12.90,0.335070
12.91,0.323760
12.92,0.172665
12.93,0.217331
12.95,0.140601
12.96,0.220114
12.97,0.154340
12.98,0.215038
12.99,0.122482
13.00,0.124192
13.01,0.110354
13.03,0.067509
13.04,0.103063
13.05,0.083454
13.06,0.095688
13.07,0.405792
13.08,0.928066
13.10,1.501499
13.11,1.129645
13.12,1.278081
13.13,1.246349
13.14,1.507773
13.15,1.170695
13.17,1.665610
13.18,1.060720
13.19,1.653158
13.20,1.082728
13.21,1.568968
13.22,1.045514
13.24,1.459453
13.25,0.947007
13.26,1.354439
13.27,0.823502
13.28,1.290768
13.29,0.829168
13.31,1.334089
13.32,0.883609
13.33,1.366698
13.34,0.976809
13.35,1.383607
13.36,1.050234
13.37,1.353812
13.39,1.127524
13.40,1.220761
13.41,1.040483
13.42,0.955153
13.43,0.878154
13.44,0.676363
13.46,0.679858
13.47,0.425422
13.48,0.510441
13.49,0.292645
13.50,0.375282
13.51,0.179387
13.53,0.234452
13.54,0.201919
13.55,0.200315
13.56,0.181478
13.57,0.139623
13.58,0.128328
13.60,0.078088
13.61,0.111661
13.62,0.073412
13.63,0.144273
13.64,0.214072
13.65,0.281272
13.66,0.212405
13.68,0.169961
13.69,0.140451
13.70,0.111306
13.71,0.088677
13.72,0.086448
13.73,0.045888
13.75,0.034386
13.76,0.026529
13.77,0.025084
13.78,0.027013
13.79,0.023518
13.80,0.018534
13.82,0.017155
13.83,0.014787
13.84,0.012866
13.85,0.012923
13.86,0.013002
13.87,0.013548
13.89,0.014516
13.90,1.499046
13.91,1.737590
13.92,0.978389
13.93,0.455077
13.94,0.448034
13.96,0.685898
13.97,0.500248
13.98,0.342609
13.99,0.354134
14.00,0.341545
14.01,0.145686
14.02,0.238608
14.04,0.152101
14.05,0.215247
14.06,0.136164
14.07,0.233848
14.08,0.143140
14.09,0.199654
14.11,0.135893
14.12,0.128958
14.13,0.105297
14.14,0.078427
14.15,0.063986
14.16,0.395091
14.18,1.027499
14.19,1.438240
14.20,1.050764
14.21,1.145208
14.22,1.158061
14.23,1.452975
14.25,1.152059
14.26,1.656148
14.27,1.002307
14.28,1.620710
14.29,1.026341
14.30,1.474768
14.32,0.956638
14.33,1.426201
14.34,0.908849
14.35,1.393795
14.36,0.842881
14.37,1.312309
14.38,0.835376
14.40,1.318587
14.41,0.888820
14.42,1.325665
14.43,0.968176
14.44,1.315962
14.45,1.047091
14.47,1.270467
14.48,1.096569
14.49,1.173743
14.50,0.998983
14.51,0.931227
14.52,0.844148
14.54,0.674567
14.55,0.652269
14.56,0.435996
14.57,0.490044
14.58,0.288258
14.59,0.335893
14.61,0.162313
14.62,0.211007
14.63,0.164994
14.64,0.169605
14.65,0.161465
14.66,0.120602
14.68,0.121882
14.69,0.078098
14.70,0.117022
14.71,0.070205
14.72,0.106799
14.73,0.223404
14.74,0.267397
14.76,0.212989
14.77,0.192580
14.78,0.146190
14.79,0.121670
14.80,0.091990
14.81,0.077203
14.83,0.059763
14.84,0.045187
14.85,0.033094
14.86,0.026554
14.87,0.023758
14.88,0.022226
14.90,0.019842
14.91,0.016052
14.92,0.012754
14.93,0.013049
14.94,0.012157
14.95,0.010996
14.97,0.012865
14.98,0.017269
14.99,1.527976
15.00,1.598502
15.01,0.693784
15.02,0.493538
15.03,0.454532
15.05,0.667703
15.06,0.376645
15.07,0.272063
15.08,0.253731
15.09,0.282266
15.10,0.143486
15.12,0.205289
15.13,0.128056
15.14,0.171272
15.15,0.136530
15.16,0.212873
15.17,0.158606
15.19,0.195213
15.20,0.146430
15.21,0.136237
15.22,0.096710
15.23,0.090742
15.24,0.069663
15.26,0.494639
15.27,0.996040
15.28,1.338133
15.29,1.329679
15.30,1.059653
15.31,1.222790
15.33,1.557847
15.34,1.065319
15.35,1.829640
15.36,1.357304
15.37,1.643187
15.38,1.300281
15.39,1.511334
15.41,1.213883
15.42,1.525024
15.43,1.170674
15.44,1.461004
15.45,1.029457
15.46,1.353794
15.48,0.892523
15.49,1.298228
15.50,0.784732
15.51,1.248575
15.52,0.835546
15.53,1.306492
15.55,0.930176
15.56,1.310451
15.57,0.962031
15.58,1.212002
15.59,0.926439
15.60,0.974091
15.62,0.816422
15.63,0.760118
15.64,0.703859
15.65,0.550995
15.66,0.581350
15.67,0.377081
15.69,0.369714
15.70,0.178495
15.71,0.234907
15.72,0.161252
15.73,0.197951
15.74,0.164273
15.75,0.152835
15.77,0.146778
15.78,0.110870
15.79,0.119118
15.80,0.077885
15.81,0.174561
15.82,0.250126
15.84,0.285667
15.85,0.224111
15.86,0.170423
15.87,0.152270
15.88,0.152805
15.89,0.107775
15.91,0.078256
15.92,0.056999
15.93,0.043126
15.94,0.038433
15.95,0.029050
15.96,0.024259
15.98,0.022060
15.99,0.024300
16.00,0.024037
16.01,0.022034
16.02,0.023023
16.03,0.018858
16.04,0.018486
16.06,0.018175
16.07,0.020015
16.08,1.472035
16.09,1.630948
16.10,0.771272
16.11,0.534154
16.13,0.439119
16.14,0.627030
16.15,0.392553
16.16,0.288877
16.17,0.307797
16.18,0.351035
16.20,0.140811
16.21,0.236279
16.22,0.146828
16.23,0.204264
16.24,0.146013
16.25,0.255183
16.27,0.176527
16.28,0.176723
16.29,0.136016
16.30,0.133554
16.31,0.118129
16.32,0.104515
16.34,0.076982
16.35,0.575203
16.36,1.062029
16.37,1.463904
16.38,1.519791
16.39,1.105722
16.40,1.292466
16.42,1.643292
16.43,1.132143
16.44,1.842838
16.45,1.425893
16.46,1.694933
16.47,1.429931
16.49,1.556552
16.50,1.323349
16.51,1.493282
16.52,1.221446
16.53,1.485925
16.54,1.149851
16.56,1.438804
16.57,1.028710
16.58,1.383353
16.59,0.891282
16.60,1.327305
16.61,0.828223
16.63,1.298418
16.64,0.948718
16.65,1.346633
16.66,0.959705
16.67,1.215793
16.68,0.849650
16.70,1.037098
16.71,0.758274
16.72,0.815007
16.73,0.627180
16.74,0.563051
16.75,0.530952
16.76,0.407152
16.78,0.366208
16.79,0.218374
16.80,0.200471
16.81,0.140962
16.82,0.194739
16.83,0.144462
16.85,0.143340
16.86,0.131019
16.87,0.105996
16.88,0.123019
16.89,0.079446
16.90,0.181284
16.92,0.243333
16.93,0.268168
16.94,0.249277
16.95,0.213282
16.96,0.145470
16.97,0.138925
16.99,0.087199
17.00,0.071703
17.01,0.056838
17.02,0.044183
17.03,0.033076
17.04,0.027717
17.06,0.020607
17.07,0.020915
17.08,0.016447
17.09,0.015102
17.10,0.013326
17.11,0.010778
17.12,0.011791
17.14,0.013746
17.15,0.014528
17.16,0.016767
17.17,1.467562
17.18,1.631377
17.19,0.772281
17.21,0.458773
17.22,0.428168
17.23,0.558969
17.24,0.376257
17.25,0.283184
17.26,0.276898
17.28,0.306187
17.29,0.133404
17.30,0.217728
17.31,0.129251
17.32,0.164104
17.33,0.118963
17.35,0.168486
17.36,0.136526
17.37,0.135191
17.38,0.119456
17.39,0.095387
17.40,0.099000
17.41,0.065121
17.43,0.068499
17.44,0.575414
17.45,1.247572
17.46,1.333765
17.47,1.679504
17.48,0.802115
17.50,1.197648
17.51,1.379841
17.52,1.099029
17.53,1.725390
17.54,1.457230
17.55,1.675470
17.57,1.463581
17.58,1.542401
17.59,1.326600
17.60,1.451973
17.61,1.177619
17.62,1.401847
17.64,1.043200
17.65,1.342305
17.66,0.912371
17.67,1.279025
17.68,0.798316
17.69,1.242718
17.71,0.783762
17.72,1.281325
17.73,0.895198
17.74,1.333418
17.75,0.942881
17.76,1.211703
17.77,0.892849
17.79,0.991383
17.80,0.790180
17.81,0.749197
17.82,0.647172
17.83,0.499125
17.84,0.517045
17.86,0.349101
17.87,0.331812
17.88,0.169849
17.89,0.197932
17.90,0.150369
17.91,0.186082
17.93,0.142272
17.94,0.135602
17.95,0.109117
17.96,0.081970
17.97,0.088960
17.98,0.055977
18.00,0.150086
18.01,0.266003
18.02,0.318258
18.03,0.242248
18.04,0.190158
18.05,0.136925
18.07,0.111734
18.08,0.094896
18.09,0.087907
18.10,0.040318
18.11,0.034232
18.12,0.025831
18.13,0.020493
18.15,0.020155
18.16,0.018785
18.17,0.014604
18.18,0.011984
18.19,0.011177
18.20,0.010745
18.22,0.009806
18.23,0.011866
18.24,0.017729
18.25,0.046604
18.26,1.622010
18.27,1.720574
18.29,0.610293
18.30,0.490737
18.31,0.527989
18.32,0.597712
18.33,0.359441
18.34,0.272865
18.36,0.301169
18.37,0.339737
18.38,0.147085
18.39,0.228717
18.40,0.163659
18.41,0.178196
18.43,0.143587
18.44,0.196653
18.45,0.175256
18.46,0.153201
18.47,0.166696
18.48,0.138314
18.49,0.143135
18.51,0.083482
18.52,0.083695
18.53,0.530549
18.54,1.174114
18.55,1.343183
18.56,1.579837
18.58,0.717855
18.59,1.105995
18.60,1.448234
18.61,1.119663
18.62,1.817045
18.63,1.492390
18.65,1.679515
18.66,1.495673
18.67,1.572949
18.68,1.403779
18.69,1.519461
18.70,1.312059
18.72,1.483294
18.73,1.215593
18.74,1.398463
18.75,1.062144
18.76,1.338884
18.77,0.946785
18.78,1.312693
18.80,0.849931
18.81,1.216161
18.82,0.813384
18.83,1.140989
18.84,0.820361
18.85,1.133699
18.87,0.784226
18.88,1.011951
18.89,0.726349
18.90,0.838982
18.91,0.603519
18.92,0.604035
18.94,0.528927
18.95,0.451313
18.96,0.348444
18.97,0.238612
18.98,0.199697
18.99,0.123274
19.01,0.186765
19.02,0.139746
19.03,0.159406
19.04,0.127175
19.05,0.104447
19.06,0.106858
19.08,0.072025
19.09,0.142981
19.10,0.232733
19.11,0.254020
19.12,0.207040
19.13,0.200512
19.14,0.138177
19.16,0.108535
19.17,0.077139
19.18,0.061431
19.19,0.048663
19.20,0.043734
19.21,0.032896
19.23,0.024546
19.24,0.023488
19.25,0.023198
19.26,0.019415
19.27,0.014814
19.28,0.011350
19.30,0.011135
19.31,0.012680
19.32,0.012484
19.33,0.015342
19.34,0.165875
19.35,1.580920
19.37,1.615331
19.38,0.580942
19.39,0.400853
19.40,0.554348
19.41,0.543712
19.42,0.336508
19.44,0.257084
19.45,0.246388
19.46,0.324001
19.47,0.141053
19.48,0.222412
19.49,0.143289
19.50,0.161389
19.52,0.131405
19.53,0.194467
19.54,0.218049
19.55,0.171360
19.56,0.209222
19.57,0.125802
19.59,0.155382
19.60,0.079332
19.61,0.094876
19.62,0.566225
19.63,1.255606
19.64,1.313551
19.66,1.627839
19.67,0.878131
19.68,1.225585
19.69,1.597742
19.70,1.204292
19.71,1.851861
19.73,1.540547
19.74,1.646686
19.75,1.463336
19.76,1.523714
19.77,1.367969
19.78,1.493333
19.80,1.292722
19.81,1.448957
19.82,1.175112
19.83,1.378163
19.84,1.028413
19.85,1.345803
19.86,0.897735
19.88,1.321147
19.89,0.816661
19.90,1.230582
19.91,0.872586
19.92,1.243078
19.93,0.874348
19.95,1.170098
19.96,0.859491
19.97,0.986928
19.98,0.745877
19.99,0.789014
20.00,0.631762
20.02,0.580036
20.03,0.552149
20.04,0.421116
20.05,0.369176
20.06,0.213760
20.07,0.213703
20.09,0.138014
20.10,0.194801
20.11,0.149611
20.12,0.158526
20.13,0.135442
20.14,0.116230
20.15,0.109552
20.17,0.083913
20.18,0.159449
20.19,0.256331
20.20,0.297178
20.21,0.239464
20.22,0.174441
20.24,0.146838
20.25,0.140067
20.26,0.101902
20.27,0.077785
20.28,0.054868
20.29,0.043840
20.31,0.040015
20.32,0.035657
20.33,0.029957
20.34,0.030034
20.35,0.022303
20.36,0.018971
20.38,0.015705
20.39,0.015830
20.40,0.014955
20.41,0.019018
20.42,0.019159
20.43,0.022892
20.45,1.534281
20.46,1.664964
20.47,0.613255
20.48,0.490390
20.49,0.518797
20.50,0.627890
20.51,0.393908
20.53,0.288689
20.54,0.258573
20.55,0.317637
20.56,0.125883
20.57,0.214834
20.58,0.165163
20.60,0.197498
20.61,0.146480
20.62,0.233988
20.63,0.214867
20.64,0.179295
20.65,0.201812
20.67,0.123226
20.68,0.156402
20.69,0.081074
20.70,0.091944
20.71,0.721820
20.72,1.262749
20.74,1.307798
20.75,1.624502
20.76,0.897283
20.77,1.166634
20.78,1.645059
20.79,1.296845
20.81,1.824984
20.82,1.586173
20.83,1.660994
20.84,1.542934
20.85,1.565668
20.86,1.450290
20.87,1.518904
20.89,1.371611
20.90,1.506615
20.91,1.315023
20.92,1.463986
20.93,1.182855
20.94,1.387539
20.96,1.001601
20.97,1.341953
20.98,0.914022
20.99,1.256712
21.00,0.897653
21.01,1.201771
21.03,0.854312
21.04,1.159795
21.05,0.785906
21.06,1.055468
21.07,0.719290
21.08,0.851483
21.10,0.613727
21.11,0.619946
21.12,0.536835
21.13,0.466929
21.14,0.352332
21.15,0.249967
21.16,0.220760
21.18,0.136824
21.19,0.200425
21.20,0.133893
21.21,0.168311
21.22,0.131212
21.23,0.127388
21.25,0.123039
21.26,0.090234
21.27,0.225045
21.28,0.274367
21.29,0.270051
21.30,0.245235
21.32,0.196626
21.33,0.129439
21.34,0.127247
21.35,0.085415
21.36,0.059570
21.37,0.044578
21.39,0.031687
21.40,0.031854
21.41,0.028290
21.42,0.027080
21.43,0.026958
21.44,0.023233
21.46,0.022125
21.47,0.018569
21.48,0.018484
21.49,0.015424
21.50,0.016059
21.51,0.015403
21.52,0.175253
21.54,1.724454
21.55,1.747675
21.56,0.627123
21.57,0.496632
21.58,0.608440
21.59,0.611216
21.61,0.435603
21.62,0.309962
21.63,0.262961
21.64,0.332564
21.65,0.158032
21.66,0.205262
21.68,0.167982
21.69,0.187624
21.70,0.124589
21.71,0.196260
21.72,0.185849
21.73,0.132034
21.75,0.144167
21.76,0.094402
21.77,0.117696
21.78,0.081343
21.79,0.084947
21.80,0.851936
21.82,1.417444
21.83,1.398649
21.84,1.625154
21.85,0.711049
21.86,1.050074
21.87,1.560562
21.88,1.384441
21.90,1.712530
21.91,1.676792
21.92,1.552765
21.93,1.613017
21.94,1.507807
21.95,1.557112
21.97,1.440672
21.98,1.475919
21.99,1.375054
22.00,1.345610
22.01,1.355338
22.02,1.228418
22.04,1.356654
22.05,1.108769
22.06,1.371902
22.07,1.038559
22.08,1.374831
22.09,0.997353
22.11,1.291240
22.12,0.850101
22.13,1.108457
22.14,0.755640
22.15,1.007517
22.16,0.687631
22.18,0.813221
22.19,0.567666
22.20,0.574419
22.21,0.476186
22.22,0.413588
22.23,0.313245
22.24,0.209599
22.26,0.182694
22.27,0.127480
22.28,0.190410
22.29,0.131632
22.30,0.154806
22.31,0.117815
22.33,0.108695
22.34,0.105088
22.35,0.073846
22.36,0.182564
22.37,0.266461
22.38,0.295149
22.40,0.223796
22.41,0.169013
22.42,0.109260
22.43,0.093518
22.44,0.085809
22.45,0.074411
22.47,0.036096
22.48,0.031479
22.49,0.024783
22.50,0.020888
22.51,0.021090
22.52,0.016460
22.53,0.013545
22.55,0.011355
22.56,0.011065
22.57,0.010248
22.58,0.010654
22.59,0.012501
22.60,0.015372
22.62,0.268945
22.63,1.599934
22.64,1.642911
22.65,0.597169
22.66,0.443258
22.67,0.508850
22.69,0.471073
22.70,0.347983
22.71,0.306896
22.72,0.241099
22.73,0.299856
22.74,0.130881
22.76,0.209131
22.77,0.182350
22.78,0.181462
22.79,0.130330
22.80,0.205888
22.81,0.184232
22.83,0.149047
22.84,0.152232
22.85,0.120876
22.86,0.122905
22.87,0.079815
22.88,0.057747
22.89,0.550630
22.91,1.407362
22.92,1.390288
22.93,1.479359
22.94,0.688776
22.95,1.070845
22.96,1.574650
22.98,1.268008
22.99,1.810229
23.00,1.589192
23.01,1.647855
23.02,1.518200
23.03,1.496350
23.05,1.385296
23.06,1.438247
23.07,1.325483
23.08,1.425649
23.09,1.254301
23.10,1.350738
23.12,1.096498
23.13,1.307150
23.14,0.990046
23.15,1.318375
23.16,0.916824
23.17,1.207052
23.19,0.815132
23.20,1.116936
23.21,0.773604
23.22,1.060725
23.23,0.746885
23.24,0.984462
23.25,0.679509
23.27,0.814151
23.28,0.583718
23.29,0.614443
23.30,0.507048
23.31,0.459869
23.32,0.327286
23.34,0.234594
23.35,0.191221
23.36,0.125078
23.37,0.187316
23.38,0.145241
23.39,0.165792
23.41,0.138479
23.42,0.116363
23.43,0.115475
23.44,0.080980
23.45,0.158869
23.46,0.241269
23.48,0.241782
23.49,0.189332
23.50,0.177535
23.51,0.134037
23.52,0.111662
23.53,0.095391
23.55,0.063493
23.56,0.054304
23.57,0.039373
23.58,0.031812
23.59,0.027264
23.60,0.022988
23.61,0.021873
23.63,0.018659
23.64,0.013199
23.65,0.011820
23.66,0.011149
23.67,0.012021
23.68,0.012352
23.70,0.014773
23.71,0.022511
23.72,1.559236
23.73,1.615565
23.74,0.669733
23.75,0.499375
23.77,0.521594
23.78,0.556134
23.79,0.344250
23.80,0.265879
23.81,0.225626
23.82,0.306950
23.84,0.154584
23.85,0.215249
23.86,0.148621
23.87,0.184609
23.88,0.151188
23.89,0.211867
23.90,0.199476
23.92,0.156676
23.93,0.183665
23.94,0.141663
23.95,0.173885
23.96,0.090787
23.97,0.104899
23.99,0.578813
24.00,1.472845
24.01,1.514328
24.02,1.384520
24.03,0.652388
24.04,1.034907
24.06,1.599011
24.07,1.286018
24.08,1.785934
24.09,1.634524
24.10,1.603749
24.11,1.557340
24.13,1.498365
24.14,1.452351
24.15,1.492566
24.16,1.414029
24.17,1.443759
24.18,1.305801
24.20,1.334446
24.21,1.139529
24.22,1.344183
24.23,1.040153
24.24,1.356655
24.25,0.938159
24.26,1.252315
24.28,0.876436
24.29,1.162862
24.30,0.815991
24.31,1.094746
24.32,0.777716
24.33,0.960680
24.35,0.662010
24.36,0.776081
24.37,0.579343
24.38,0.595079
24.39,0.501016
24.40,0.437405
24.42,0.330955
24.43,0.235069
24.44,0.202400
24.45,0.121192
24.46,0.169121
24.47,0.120206
24.49,0.151222
24.50,0.116969
24.51,0.112474
24.52,0.097059
24.53,0.083006
24.54,0.180200
24.56,0.236368
24.57,0.259612
24.58,0.205154
24.59,0.163924
24.60,0.135696
24.61,0.129620
24.62,0.094640
24.64,0.069776
24.65,0.051640
24.66,0.039909
24.67,0.033316
24.68,0.030466
24.69,0.027190
24.71,0.026218
24.72,0.022498
24.73,0.020378
24.74,0.016886
24.75,0.015886
24.76,0.013046
24.78,0.014698
24.79,0.015339
24.80,0.032868
24.81,1.578658
24.82,1.684503
24.83,0.568178
24.85,0.489364
24.86,0.555762
24.87,0.575414
24.88,0.346000
24.89,0.275129
24.90,0.240390
24.92,0.311836
24.93,0.120300
24.94,0.192189
24.95,0.193276
24.96,0.202932
24.97,0.159238
24.98,0.203802
25.00,0.185181
25.01,0.162435
25.02,0.178206
25.03,0.159341
25.04,0.154058
25.05,0.107311
25.07,0.086498
25.08,0.697341
25.09,1.325122
25.10,1.282943
25.11,1.346351
25.12,0.824383
25.14,1.075471
25.15,1.781530
25.16,1.534433
25.17,1.756593
25.18,1.740097
25.19,1.573336
25.21,1.651636
25.22,1.503332
25.23,1.556741
25.24,1.463989
25.25,1.472423
25.26,1.453969
25.27,1.426146
25.29,1.396112
25.30,1.266831
25.31,1.330797
25.32,1.090276
25.33,1.337892
25.34,1.021666
25.36,1.266002
25.37,0.950451
25.38,1.213299
25.39,0.847726
25.40,1.071691
25.41,0.716180
25.43,0.992260
25.44,0.644868
25.45,0.812701
25.46,0.583514
25.47,0.628441
25.48,0.518821
25.50,0.481893
25.51,0.345321
25.52,0.264682
25.53,0.223586
25.54,0.142115
25.55,0.196092
25.57,0.125717
25.58,0.165593
25.59,0.126789
25.60,0.125242
25.61,0.122745
25.62,0.087270
25.63,0.260646
25.65,0.303286
25.66,0.277258
25.67,0.230393
25.68,0.188883
25.69,0.127011
25.70,0.128864
25.72,0.082399
25.73,0.071471
25.74,0.050413
25.75,0.038776
25.76,0.035842
25.77,0.033631
25.79,0.030983
25.80,0.033359
25.81,0.026731
25.82,0.025596
25.83,0.017858
25.84,0.017466
25.86,0.017008
25.87,0.020482
25.88,0.024108
25.89,0.714862
25.90,1.632221
25.91,1.610686
25.93,0.622346
25.94,0.492590
25.95,0.587348
25.96,0.482591
25.97,0.382855
25.98,0.334447
25.99,0.258000
26.01,0.332280
26.02,0.156100
26.03,0.192868
26.04,0.172494
26.05,0.155511
26.06,0.127527
26.08,0.174736
26.09,0.183495
26.10,0.120531
26.11,0.148158
26.12,0.094184
26.13,0.112946
26.15,0.069129
26.16,0.063667
26.17,0.819261
26.18,1.377815
26.19,1.310498
26.20,1.233819
26.22,0.714400
26.23,0.911460
26.24,1.552577
26.25,1.532046
26.26,1.467862
26.27,1.670634
26.28,1.398051
26.30,1.635371
26.31,1.394313
26.32,1.586909
26.33,1.360948
26.34,1.523754
26.35,1.351754
26.37,1.442802
26.38,1.311226
26.39,1.299886
26.40,1.299852
26.41,1.162403
26.42,1.326681
26.44,1.078166
26.45,1.355484
26.46,1.031518
26.47,1.283454
26.48,0.865519
26.49,1.044083
26.51,0.706281
26.52,0.963631
26.53,0.635033
26.54,0.816665
26.55,0.554913
26.56,0.630973
26.58,0.444264
26.59,0.446417
26.60,0.288782
26.61,0.242871
26.62,0.203072
26.63,0.131917
26.64,0.176479
26.66,0.124525
26.67,0.174816
26.68,0.120617
26.69,0.131711
26.70,0.098081
26.71,0.079480
26.73,0.198205
26.74,0.259211
26.75,0.265655
26.76,0.217959
26.77,0.156633
26.78,0.113974
26.80,0.096820
26.81,0.086970
26.82,0.070108
26.83,0.039141
26.84,0.032667
26.85,0.026408
26.87,0.024078
26.88,0.024628
26.89,0.019319
26.90,0.014663
26.91,0.012430
26.92,0.011572
26.94,0.012388
26.95,0.013162
26.96,0.018067
26.97,0.025030
26.98,1.005362
26.99,1.558804
27.00,1.372915
27.02,0.631399
27.03,0.459078
27.04,0.538725
27.05,0.487085
27.06,0.327680
27.07,0.335753
27.09,0.240367
27.10,0.266794
27.11,0.133534
27.12,0.155023
27.13,0.150001
27.14,0.174527
27.16,0.160537
27.17,0.206929
27.18,0.224468
27.19,0.158731
27.20,0.188658
27.21,0.153129
27.23,0.144100
27.24,0.103210
27.25,0.075725
27.26,0.852354
27.27,1.388608
27.28,1.198532
27.30,1.191966
27.31,0.719062
27.32,0.914268
27.33,1.610499
27.34,1.547594
27.35,1.611854
27.36,1.717634
27.38,1.418757
27.39,1.614770
27.40,1.328176
27.41,1.551836
27.42,1.299863
27.43,1.499315
27.45,1.309002
27.46,1.444139
27.47,1.279585
27.48,1.322622
27.49,1.256559
27.50,1.231607
27.52,1.330247
27.53,1.186980
27.54,1.262445
27.55,1.049184
27.56,1.208451
27.57,0.904445
27.59,1.018125
27.60,0.690227
27.61,0.894510
27.62,0.578864
27.63,0.777071
27.64,0.513729
27.65,0.643858
27.67,0.463290
27.68,0.500124
27.69,0.304813
27.70,0.257385
27.71,0.219480
27.72,0.145367
27.74,0.196042
27.75,0.125247
27.76,0.175267
27.77,0.118228
27.78,0.123782
27.79,0.099398
27.81,0.077575
27.82,0.195215
27.83,0.252722
27.84,0.233686
27.85,0.179228
27.86,0.158150
27.88,0.118606
27.89,0.101135
27.90,0.085488
27.91,0.076693
27.92,0.064915
27.93,0.045088
27.95,0.035262
27.96,0.036219
27.97,0.029664
27.98,0.023290
27.99,0.014517
28.00,0.014788
28.01,0.013916
28.03,0.016555
28.04,0.017076
28.05,0.015714
28.06,0.020496
28.07,1.211222
28.08,1.526414
28.10,1.181235
28.11,0.490179
28.12,0.448591
28.13,0.536911
28.14,0.490860
28.15,0.340939
28.17,0.389663
28.18,0.252589
28.19,0.303618
28.20,0.147241
28.21,0.155439
28.22,0.150277
28.24,0.149606
28.25,0.131785
28.26,0.163764
28.27,0.183398
28.28,0.107546
28.29,0.141972
28.31,0.106918
28.32,0.128124
28.33,0.101365
28.34,0.099669
28.35,0.828008
28.36,1.419204
28.37,1.251344
28.39,1.167952
28.40,0.691966
28.41,0.977504
28.42,1.557476
28.43,1.465161
28.44,1.485156
28.46,1.630501
28.47,1.318297
28.48,1.553522
28.49,1.310281
28.50,1.507293
28.51,1.326889
28.53,1.466241
28.54,1.324939
28.55,1.392533
28.56,1.262772
28.57,1.250579
28.58,1.305752
28.60,1.162187
28.61,1.367425
28.62,1.043955
28.63,1.277595
28.64,0.952810
28.65,1.253468
28.67,0.884960
28.68,1.053847
28.69,0.739580
28.70,0.926095
28.71,0.622098
28.72,0.767651
28.73,0.551495
28.75,0.618670
28.76,0.496415
28.77,0.469128
28.78,0.312688
28.79,0.237333
28.80,0.187790
28.82,0.115902
28.83,0.174341
28.84,0.128546
28.85,0.157440
28.86,0.117076
28.87,0.116058
28.89,0.110399
28.90,0.091133
28.91,0.197513
28.92,0.251460
28.93,0.262082
28.94,0.208543
28.96,0.152422
28.97,0.119731
28.98,0.123480
28.99,0.091550
29.00,0.074419
29.01,0.049827
29.02,0.042032
29.04,0.032559
29.05,0.030025
29.06,0.027174
29.07,0.025510
29.08,0.021608
29.09,0.023649
29.11,0.020904
29.12,0.019245
29.13,0.021051
29.14,0.020238
29.15,0.020571
29.16,0.941189
29.18,1.522401
29.19,1.377490
29.20,0.430275
29.21,0.456207
29.22,0.560760
29.23,0.490813
29.25,0.326708
29.26,0.356062
29.27,0.249920
29.28,0.236827
29.29,0.132699
29.30,0.129288
29.32,0.136544
29.33,0.152288
29.34,0.160668
29.35,0.215176
29.36,0.244165
29.37,0.166191
29.38,0.200025
29.40,0.148022
29.41,0.163611
29.42,0.115882
29.43,0.095526
29.44,0.777150
29.45,1.392968
29.47,1.266387
29.48,1.144547
29.49,0.693698
29.50,0.870543
29.51,1.594919
29.52,1.625652
29.54,1.444461
29.55,1.712635
29.56,1.256788
29.57,1.600954
29.58,1.246184
29.59,1.573528
29.61,1.260831
29.62,1.543358
29.63,1.272148
29.64,1.508367
29.65,1.259962
29.66,1.395700
29.68,1.243159
29.69,1.269308
29.70,1.294851
29.71,1.211536
29.72,1.245134
29.73,1.111585
29.74,1.242330
29.76,0.968050
29.77,1.079328
29.78,0.711315
29.79,0.871852
29.80,0.532592
29.81,0.746808
29.83,0.516049
29.84,0.643847
29.85,0.463293
29.86,0.499900
29.87,0.314700
