0.00,0.004807
0.01,0.011868
0.02,0.028961
0.03,0.087457
0.05,0.274415
0.06,0.336232
0.07,0.500454
0.08,0.543991
0.09,0.208417
0.10,0.367216
0.12,0.514681
0.13,0.438689
0.14,0.445767
0.15,0.418466
0.16,0.543706
0.17,0.401804
0.19,0.449159
0.20,0.259770
0.21,0.446393
0.22,0.272181
0.23,0.696898
0.24,0.591782
0.26,0.953125
0.27,0.489073
0.28,0.697906
0.29,0.667596
0.30,1.062838
0.31,0.758902
0.33,0.671515
0.34,0.394937
0.35,0.711280
0.36,0.606392
0.37,0.474837
0.38,0.150511
0.39,0.192754
0.41,0.235754
0.42,0.095566
0.43,0.124710
0.44,0.116974
0.45,0.128895
0.46,0.089585
0.48,0.125993
0.49,0.086324
0.50,0.073121
0.51,0.056237
0.52,0.051237
0.53,0.065878
0.55,0.083476
0.56,0.088095
0.57,0.110364
0.58,0.128982
0.59,0.160403
0.60,0.192205
0.62,0.191156
0.63,0.154914
0.64,0.126360
0.65,0.130055
0.66,0.099431
0.67,0.110868
0.68,0.123680
0.70,0.165586
0.71,0.255655
0.72,0.288316
0.73,0.314553
0.74,0.449812
0.75,0.577867
0.77,0.597684
0.78,0.479111
0.79,0.425145
0.80,0.476769
0.81,0.330945
0.82,0.266627
0.84,0.180159
0.85,0.151821
0.86,0.160922
0.87,0.143709
0.88,0.106959
0.89,0.064053
0.91,0.063832
0.92,0.096116
0.93,0.119169
0.94,0.138320
0.95,0.171438
0.96,0.171864
0.98,0.154832
0.99,0.114071
1.00,0.113142
1.01,0.094679
1.02,0.135206
1.03,0.197661
1.04,0.240295
1.06,0.335196
1.07,0.376665
1.08,0.427105
1.09,0.428780
1.10,0.355575
1.11,0.321951
1.13,0.243464
1.14,0.289776
1.15,0.274263
1.16,0.204331
1.17,0.193660
1.18,0.171310
1.20,0.149605
1.21,0.120558
1.22,0.110958
1.23,0.124653
1.24,0.122527
1.25,0.154798
1.27,0.175400
1.28,0.186224
1.29,0.178774
1.30,0.141566
1.31,0.136248
1.32,0.086239
1.34,0.087023
1.35,0.076496
1.36,0.119441
1.37,0.122671
1.38,0.106467
1.39,0.088735
1.40,0.067192
1.42,0.062144
1.43,0.114278
1.44,0.245355
1.45,0.293945
1.46,0.316151
1.47,0.776281
1.49,0.888950
1.50,1.073997
1.51,0.988524
1.52,0.990000
1.53,0.734231
1.54,0.576094
1.56,0.534249
1.57,0.485812
1.58,0.448357
1.59,0.391587
1.60,0.050473
1.61,0.375554
1.63,0.516668
1.64,0.519799
1.65,0.480554
1.66,0.363548
1.67,0.386402
1.68,0.573699
1.70,0.444408
1.71,0.382475
1.72,0.753329
1.73,0.702388
1.74,0.859958
1.75,0.538869
1.76,0.420083
1.78,0.299154
1.79,0.479367
1.80,0.614591
1.81,0.744040
1.82,0.594343
1.83,0.496124
1.85,0.649049
1.86,0.814492
1.87,1.037347
1.88,0.748674
1.89,0.934018
1.90,0.516291
1.92,0.916154
1.93,0.528768
1.94,0.799982
1.95,0.471240
1.96,0.597537
1.97,0.271491
1.99,0.477010
2.00,0.470171
2.01,0.512436
2.02,0.237891
2.03,0.192801
2.04,0.184446
2.05,0.224261
2.07,0.152504
2.08,0.210860
2.09,0.245537
2.10,0.333889
2.11,0.288898
2.12,0.222192
2.14,0.208025
2.15,0.190677
2.16,0.227100
2.17,0.312589
2.18,0.345846
2.19,0.401861
2.21,0.291837
2.22,0.343337
2.23,0.322519
2.24,0.257317
2.25,0.188093
2.26,0.123813
2.28,0.112919
2.29,0.068318
2.30,0.033854
2.31,0.095411
2.32,0.145678
2.33,0.154004
2.35,0.165438
2.36,0.151083
2.37,0.128747
2.38,0.105570
2.39,0.107380
2.40,0.152003
2.41,0.188565
2.43,0.246999
2.44,0.322881
2.45,0.370716
2.46,0.316668
2.47,0.327512
2.48,0.338279
2.50,0.303159
2.51,0.188122
2.52,0.099963
2.53,0.339512
2.54,0.416537
2.55,0.516779
2.57,0.589081
2.58,0.548025
2.59,0.417128
2.60,0.420765
2.61,0.386359
2.62,0.334055
2.64,0.321351
2.65,0.277897
2.66,0.281191
2.67,0.274831
2.68,0.224111
2.69,0.155422
2.71,0.121213
2.72,0.198461
2.73,0.228033
2.74,0.232006
2.75,0.256339
2.76,0.250134
2.77,0.302371
2.79,0.353286
2.80,0.436568
2.81,0.522770
2.82,0.451426
2.83,0.293674
2.84,0.474658
2.86,0.403432
2.87,0.456592
2.88,0.476424
2.89,0.551864
2.90,0.642870
2.91,0.393529
2.93,0.206440
2.94,0.195940
2.95,0.323776
2.96,0.370846
2.97,0.430588
2.98,0.341568
3.00,0.262496
3.01,0.166729
3.02,0.553049
3.03,0.695861
3.04,0.753082
3.05,0.471137
3.07,0.441964
3.08,0.400510
3.09,0.653859
3.10,0.443876
3.11,0.392862
3.12,0.163434
3.13,0.315109
3.15,0.272401
3.16,0.265735
3.17,0.071644
3.18,0.217953
3.19,0.208689
3.20,0.250676
3.22,0.325899
3.23,0.379334
3.24,0.177621
3.25,0.140362
3.26,0.155756
3.27,0.132636
3.29,0.098755
3.30,0.087661
3.31,0.081597
3.32,0.063192
3.33,0.053382
3.34,0.043554
3.36,0.033989
3.37,0.036277
3.38,0.047515
3.39,0.081799
3.40,0.102716
3.41,0.099767
3.42,0.095719
3.44,0.084126
3.45,0.064131
3.46,0.036873
3.47,0.045727
3.48,0.074889
3.49,0.079683
3.51,0.086063
3.52,0.085269
3.53,0.066031
3.54,0.052424
3.55,0.015985
3.56,0.028143
3.58,0.053055
3.59,0.114129
3.60,0.117614
3.61,0.142153
3.62,0.123844
3.63,0.089378
3.65,0.110748
3.66,0.099324
3.67,0.070571
3.68,0.082870
3.69,0.071765
3.70,0.056722
3.72,0.042276
3.73,0.057331
3.74,0.072307
3.75,0.094982
3.76,0.089859
3.77,0.118805
3.78,0.121505
3.80,0.108955
3.81,0.084044
3.82,0.079456
3.83,0.061125
3.84,0.075972
3.85,0.134059
3.87,0.196806
3.88,0.206799
3.89,0.158374
3.90,0.253633
3.91,0.241356
3.92,0.147855
3.94,0.163936
3.95,0.105538
3.96,0.022162
3.97,0.038465
3.98,0.058455
3.99,0.055234
4.01,0.059485
4.02,0.082406
4.03,0.109735
4.04,0.128018
4.05,0.141450
4.06,0.159136
4.08,0.183395
4.09,0.194054
4.10,0.178254
4.11,0.157135
4.12,0.139657
4.13,0.130980
4.14,0.129222
4.16,0.151231
4.17,0.191506
4.18,0.255980
4.19,0.296075
4.20,0.325231
4.21,0.396521
4.23,0.440874
4.24,0.461548
4.25,0.445218
4.26,0.403922
4.27,0.258452
4.28,0.297477
4.30,0.287555
4.31,0.260660
4.32,0.270370
4.33,0.239883
4.34,0.227493
4.35,0.169478
4.37,0.169816
4.38,0.139539
4.39,0.107483
4.40,0.082997
4.41,0.073678
4.42,0.076918
4.44,0.095148
4.45,0.108660
4.46,0.102464
4.47,0.103590
4.48,0.119109
4.49,0.159665
4.50,0.152153
4.52,0.151246
4.53,0.133383
4.54,0.139240
4.55,0.140940
4.56,0.101095
4.57,0.093827
4.59,0.065716
4.60,0.235267
4.61,0.166282
4.62,0.208179
4.63,0.320417
4.64,0.303793
4.66,0.328070
4.67,0.335437
4.68,0.304354
4.69,0.247128
4.70,0.221625
4.71,0.189399
4.73,0.154496
4.74,0.137705
4.75,0.124829
4.76,0.123964
4.77,0.142127
4.78,0.158727
4.79,0.163904
4.81,0.180686
4.82,0.200764
4.83,0.210389
4.84,0.182190
4.85,0.143956
4.86,0.149672
4.88,0.184493
4.89,0.225690
4.90,0.242305
4.91,0.254542
4.92,0.239213
4.93,0.289810
4.95,0.213738
4.96,0.183515
4.97,0.324015
4.98,0.413183
4.99,0.534325
5.00,0.574039
5.02,0.609703
5.03,0.658684
5.04,0.610014
5.05,0.494911
5.06,0.382425
5.07,0.380783
5.09,0.309081
5.10,0.247768
5.11,0.176726
5.12,0.175149
5.13,0.147233
5.14,0.120403
5.15,0.103084
5.17,0.115896
5.18,0.104578
5.19,0.101417
5.20,0.114019
5.21,0.122595
5.22,0.118188
5.24,0.107256
5.25,0.097998
5.26,0.081961
5.27,0.075840
5.28,0.078454
5.29,0.170995
5.31,0.245230
5.32,0.235002
5.33,0.230760
5.34,0.233109
5.35,0.150405
5.36,0.178962
5.38,0.189311
5.39,0.163274
5.40,0.128736
5.41,0.110697
5.42,0.111801
5.43,0.103478
5.45,0.096298
5.46,0.089239
5.47,0.104529
5.48,0.108478
5.49,0.102171
5.50,0.089437
5.51,0.082405
5.53,0.041584
5.54,0.042670
5.55,0.079264
5.56,0.123161
5.57,0.140452
5.58,0.149961
5.60,0.173234
5.61,0.183072
5.62,0.254550
5.63,0.230015
5.64,0.355480
5.65,0.625254
5.67,0.760912
5.68,0.787315
5.69,0.656384
5.70,0.616927
5.71,0.515259
5.72,0.354497
5.74,0.521784
5.75,0.653273
5.76,0.443117
5.77,0.545494
5.78,0.373351
5.79,0.275955
5.80,0.232909
5.82,0.263406
5.83,0.280928
5.84,0.292872
5.85,0.453191
5.86,0.488234
5.87,0.537709
5.89,0.461893
5.90,0.659322
5.91,0.475079
5.92,0.685488
5.93,0.352711
5.94,0.432104
5.96,0.436420
5.97,0.517245
5.98,0.343323
5.99,0.180025
6.00,0.266038
6.01,0.306591
6.03,0.104545
6.04,0.165910
6.05,0.122727
6.06,0.091712
6.07,0.102468
6.08,0.091910
6.10,0.107476
6.11,0.140659
6.12,0.164112
6.13,0.151902
6.14,0.107549
6.15,0.106376
6.16,0.101784
6.18,0.096802
6.19,0.093348
6.20,0.118215
6.21,0.145910
6.22,0.134965
6.23,0.079477
6.25,0.072844
6.26,0.075333
6.27,0.117620
6.28,0.172538
6.29,0.270801
6.30,0.427347
6.32,0.564983
6.33,0.533205
6.34,0.657885
6.35,0.530387
6.36,0.380921
6.37,0.286434
6.39,0.491588
6.40,0.366877
6.41,0.394962
6.42,0.400418
6.43,0.387077
6.44,0.354726
6.46,0.266684
6.47,0.302484
6.48,0.268201
6.49,0.227056
6.50,0.162075
6.51,0.187514
6.52,0.165798
6.54,0.142482
6.55,0.101123
6.56,0.121733
6.57,0.122379
6.58,0.123087
6.59,0.165972
6.61,0.224769
6.62,0.271319
6.63,0.255416
6.64,0.338049
6.65,0.395169
6.66,0.427873
6.68,0.417394
6.69,0.465059
6.70,0.452280
6.71,0.327085
6.72,0.179969
6.73,0.239381
6.75,0.224275
6.76,0.223535
6.77,0.085182
6.78,0.126808
6.79,0.070681
6.80,0.097233
6.82,0.093271
6.83,0.105984
6.84,0.106617
6.85,0.130872
6.86,0.136124
6.87,0.128255
6.88,0.145294
6.90,0.172690
6.91,0.182347
6.92,0.153101
6.93,0.112056
6.94,0.087259
6.95,0.122926
6.97,0.170109
6.98,0.196207
6.99,0.192346
7.00,0.188906
7.01,0.223611
7.02,0.181471
7.04,0.085287
7.05,0.111984
7.06,0.190875
7.07,0.240651
7.08,0.203536
7.09,0.245036
7.11,0.258961
7.12,0.350432
7.13,0.362252
7.14,0.332362
7.15,0.213122
7.16,0.199145
7.17,0.160645
7.19,0.093143
7.20,0.065143
7.21,0.078886
7.22,0.087074
7.23,0.100482
7.24,0.124639
7.26,0.171062
7.27,0.205657
7.28,0.209626
7.29,0.249984
7.30,0.253731
7.31,0.207088
7.33,0.138099
7.34,0.157827
7.35,0.188861
7.36,0.192482
7.37,0.238912
7.38,0.266766
7.40,0.272679
7.41,0.236194
7.42,0.165478
7.43,0.206394
7.44,0.201411
7.45,0.110729
7.47,0.181651
7.48,0.246984
7.49,0.274872
7.50,0.243106
7.51,0.273809
7.52,0.253093
7.53,0.194364
7.55,0.147125
7.56,0.126076
7.57,0.070903
7.58,0.020059
7.59,0.041048
7.60,0.122350
7.62,0.179995
7.63,0.194150
7.64,0.218149
7.65,0.209534
7.66,0.184241
7.67,0.140542
7.69,0.093811
7.70,0.105826
7.71,0.136294
7.72,0.201094
7.73,0.318629
7.74,0.397747
7.76,0.429586
7.77,0.410396
7.78,0.508008
7.79,0.576152
7.80,0.499510
7.81,0.486985
7.83,0.468620
7.84,0.438288
7.85,0.360810
7.86,0.316801
7.87,0.357481
7.88,0.292097
7.89,0.231572
7.91,0.187861
7.92,0.183962
7.93,0.149764
7.94,0.109106
7.95,0.082633
7.96,0.082608
7.98,0.074358
7.99,0.081602
8.00,0.053303
8.01,0.040813
8.02,0.055797
8.03,0.071130
8.05,0.099709
8.06,0.179705
8.07,0.302048
8.08,0.351075
8.09,0.372760
8.10,0.445291
8.12,0.474278
8.13,0.425252
8.14,0.332110
8.15,0.249849
8.16,0.112572
8.17,0.125518
8.19,0.148049
8.20,0.229026
8.21,0.260370
8.22,0.236635
8.23,0.268276
8.24,0.275320
8.25,0.258674
8.27,0.235859
8.28,0.210448
8.29,0.236623
8.30,0.232968
8.31,0.201483
8.32,0.151949
8.34,0.132278
8.35,0.108882
8.36,0.072966
8.37,0.042236
8.38,0.021153
8.39,0.019346
8.41,0.037764
8.42,0.027643
8.43,0.040749
8.44,0.048388
8.45,0.075960
8.46,0.108748
8.48,0.223745
8.49,0.269084
8.50,0.371127
8.51,0.592467
8.52,0.265757
8.53,0.625024
8.54,0.637919
8.56,0.703448
8.57,0.795504
8.58,0.558735
8.59,0.498183
8.60,0.222064
8.61,0.169364
8.63,0.215951
8.64,0.404426
8.65,0.321295
8.66,0.431199
8.67,0.160519
8.68,0.404813
8.70,0.395035
8.71,0.684784
8.72,0.436797
8.73,0.487324
8.74,0.518212
8.75,0.741650
8.77,0.624762
8.78,0.612728
8.79,0.441960
8.80,0.222325
8.81,0.225793
8.82,0.269070
8.84,0.196924
8.85,0.239003
8.86,0.244430
8.87,0.170820
8.88,0.152791
8.89,0.101802
8.90,0.052193
8.92,0.055954
8.93,0.043770
8.94,0.052464
8.95,0.060182
8.96,0.059086
8.97,0.074554
8.99,0.073755
9.00,0.059998
9.01,0.049731
9.02,0.041722
9.03,0.039035
9.04,0.063757
9.06,0.112414
9.07,0.144810
9.08,0.169046
9.09,0.215310
9.10,0.246308
9.11,0.280815
9.13,0.294775
9.14,0.254826
9.15,0.263674
9.16,0.254034
9.17,0.245566
9.18,0.290910
9.20,0.232189
9.21,0.203155
9.22,0.284873
9.23,0.284779
9.24,0.425349
9.25,0.574297
9.26,0.529764
9.28,0.400325
9.29,0.448146
9.30,0.443533
9.31,0.402926
9.32,0.339372
9.33,0.306204
9.35,0.313483
9.36,0.297012
9.37,0.256946
9.38,0.190407
9.39,0.241743
9.40,0.265600
9.42,0.300169
9.43,0.288032
9.44,0.347538
9.45,0.318196
9.46,0.306464
9.47,0.264826
9.49,0.264205
9.50,0.230931
9.51,0.099377
9.52,0.093185
9.53,0.075946
9.54,0.156219
9.56,0.254316
9.57,0.225212
9.58,0.275061
9.59,0.198004
9.60,0.176631
9.61,0.176112
9.62,0.149226
9.64,0.119199
9.65,0.123667
9.66,0.113946
9.67,0.093636
9.68,0.069852
9.69,0.067099
9.71,0.092156
9.72,0.119396
9.73,0.112742
9.74,0.112688
9.75,0.109274
9.76,0.088847
9.78,0.051042
9.79,0.024218
9.80,0.053332
9.81,0.047422
9.82,0.057158
9.83,0.038711
9.85,0.041763
9.86,0.051726
9.87,0.084469
9.88,0.072182
9.89,0.085856
9.90,0.112879
9.91,0.134403
9.93,0.117844
9.94,0.092769
9.95,0.084015
9.96,0.091839
9.97,0.095248
9.98,0.083897
10.00,0.084564
10.01,0.093587
10.02,0.105061
10.03,0.100083
10.04,0.108843
10.05,0.145829
10.07,0.164449
10.08,0.180276
10.09,0.176128
10.10,0.160014
10.11,0.175472
10.12,0.137056
10.14,0.051823
10.15,0.139965
10.16,0.246612
10.17,0.269648
10.18,0.307170
10.19,0.311407
10.21,0.291428
10.22,0.289795
10.23,0.242249
10.24,0.189073
10.25,0.185962
10.26,0.028426
10.27,0.156801
10.29,0.175744
10.30,0.167138
10.31,0.202054
10.32,0.248682
10.33,0.241475
10.34,0.216666
10.36,0.185114
10.37,0.181071
10.38,0.178838
10.39,0.151028
10.40,0.123706
10.41,0.104119
10.43,0.109176
10.44,0.111738
10.45,0.115773
10.46,0.121467
10.47,0.109862
10.48,0.103255
10.50,0.078021
10.51,0.067164
10.52,0.069544
10.53,0.064502
10.54,0.092261
10.55,0.102684
10.57,0.113774
10.58,0.125544
10.59,0.213589
10.60,0.080609
10.61,0.131881
10.62,0.126031
10.63,0.074891
10.65,0.076930
10.66,0.042423
10.67,0.030467
10.68,0.024169
10.69,0.020936
10.70,0.018734
10.72,0.017337
10.73,0.015178
10.74,0.024002
10.75,0.045505
10.76,0.071892
10.77,0.115341
10.79,0.147227
10.80,0.189777
10.81,0.214006
10.82,0.207604
10.83,0.250811
10.84,0.254702
10.86,0.216803
10.87,0.168400
10.88,0.158297
10.89,0.157342
10.90,0.141761
10.91,0.130223
10.92,0.178551
10.94,0.191453
10.95,0.176018
10.96,0.251704
10.97,0.265897
10.98,0.214745
10.99,0.043290
11.01,0.170159
11.02,0.257370
11.03,0.285373
11.04,0.272151
11.05,0.356133
11.06,0.407922
11.08,0.424469
11.09,0.374258
11.10,0.353670
11.11,0.370201
11.12,0.335594
11.13,0.252541
11.15,0.185940
11.16,0.166681
11.17,0.127816
11.18,0.075401
11.19,0.054349
11.20,0.105363
11.22,0.179854
11.23,0.241433
11.24,0.256318
11.25,0.321060
11.26,0.300688
11.27,0.237663
11.28,0.493432
11.30,0.297345
11.31,0.152619
11.32,0.324550
11.33,0.413418
11.34,0.507955
11.35,0.581343
11.37,0.492040
11.38,0.641142
11.39,0.404923
11.40,0.252626
11.41,0.210708
11.42,0.489799
11.44,0.410896
11.45,0.525650
11.46,0.393226
11.47,0.469448
11.48,0.363677
11.49,0.496423
11.51,0.601455
11.52,0.800003
11.53,0.764341
11.54,0.552349
11.55,0.440159
11.56,0.527337
11.58,0.693809
11.59,0.626908
11.60,0.485208
11.61,0.312876
11.62,0.352653
11.63,0.386764
11.64,0.297615
11.66,0.221305
11.67,0.207533
11.68,0.318245
11.69,0.326761
11.70,0.176639
11.71,0.281054
11.73,0.260971
11.74,0.168364
11.75,0.110472
11.76,0.106631
11.77,0.104633
11.78,0.094401
11.80,0.065501
11.81,0.044081
11.82,0.031331
11.83,0.012004
11.84,0.034556
11.85,0.098978
11.87,0.132764
11.88,0.120779
11.89,0.126794
11.90,0.113071
11.91,0.089646
11.92,0.067312
11.94,0.053970
11.95,0.071327
11.96,0.107009
11.97,0.174971
11.98,0.220288
11.99,0.295993
12.00,0.259985
12.02,0.358276
12.03,0.387851
12.04,0.346728
12.05,0.334948
12.06,0.224452
12.07,0.240081
12.09,0.167579
12.10,0.116362
12.11,0.088875
12.12,0.074485
12.13,0.057475
12.14,0.031629
12.16,0.030023
12.17,0.105942
12.18,0.153855
12.19,0.142490
12.20,0.162154
12.21,0.128711
12.23,0.035180
12.24,0.087739
12.25,0.197616
12.26,0.252079
12.27,0.271023
12.28,0.281166
12.29,0.332989
12.31,0.350367
12.32,0.310399
12.33,0.229222
12.34,0.208992
12.35,0.125745
12.36,0.114072
12.38,0.120208
12.39,0.163717
12.40,0.113540
12.41,0.141200
12.42,0.157380
12.43,0.124987
12.45,0.098654
12.46,0.111895
12.47,0.097483
12.48,0.062480
12.49,0.055511
12.50,0.073494
12.52,0.122577
12.53,0.154255
12.54,0.155298
12.55,0.170788
12.56,0.145121
12.57,0.090899
12.59,0.086212
12.60,0.159050
12.61,0.182347
12.62,0.212181
12.63,0.234513
12.64,0.289591
12.65,0.329756
12.67,0.675926
12.68,0.778877
12.69,0.655976
12.70,0.512015
12.71,0.565878
12.72,0.411792
12.74,0.651115
12.75,0.941846
12.76,0.822768
12.77,0.962590
12.78,0.383670
12.79,0.431221
12.81,0.329578
12.82,0.626777
12.83,0.253783
12.84,0.653999
12.85,0.569599
12.86,0.842431
12.88,0.452341
12.89,0.565468
12.90,0.570874
12.91,0.825596
12.92,0.416790
12.93,0.469519
12.95,0.542188
12.96,0.859193
12.97,0.579221
12.98,0.545020
12.99,0.195398
13.00,0.639684
13.01,0.423522
13.03,0.660064
13.04,0.299947
13.05,0.350500
13.06,0.253753
13.07,0.215032
13.08,0.096787
13.10,0.233382
13.11,0.311318
13.12,0.399403
13.13,0.372021
13.14,0.395732
13.15,0.330765
13.17,0.226243
13.18,0.198665
13.19,0.254690
13.20,0.236185
13.21,0.305905
13.22,0.272797
13.24,0.181998
13.25,0.135762
13.26,0.107951
13.27,0.085968
13.28,0.070726
13.29,0.069896
13.31,0.057261
13.32,0.048054
13.33,0.032980
13.34,0.030157
13.35,0.060301
13.36,0.077860
13.37,0.060077
13.39,0.059466
13.40,0.067511
13.41,0.125873
13.42,0.146186
13.43,0.208801
13.44,0.207865
13.46,0.205583
13.47,0.153856
13.48,0.141465
13.49,0.188160
13.50,0.133988
13.51,0.141213
13.53,0.132131
13.54,0.140417
13.55,0.139705
13.56,0.192747
13.57,0.206768
13.58,0.176708
13.60,0.131614
13.61,0.111414
13.62,0.125362
13.63,0.135788
13.64,0.199015
13.65,0.246988
13.66,0.275621
13.68,0.267767
13.69,0.246137
13.70,0.240520
13.71,0.164770
13.72,0.189566
13.73,0.229271
13.75,0.232252
13.76,0.280408
13.77,0.363377
13.78,0.381545
13.79,0.281331
13.80,0.161576
13.82,0.201561
13.83,0.183773
13.84,0.092413
13.85,0.160014
13.86,0.217993
13.87,0.211115
13.89,0.200242
13.90,0.228263
13.91,0.214492
13.92,0.176892
13.93,0.136536
13.94,0.134350
13.96,0.125531
13.97,0.117411
13.98,0.133058
13.99,0.123861
14.00,0.130897
14.01,0.153489
14.02,0.122045
14.04,0.107164
14.05,0.100664
14.06,0.062590
14.07,0.088852
14.08,0.095697
14.09,0.396219
14.11,0.344780
14.12,0.705261
14.13,0.675731
14.14,0.329237
14.15,0.339634
14.16,0.308388
14.18,0.243347
14.19,0.228670
14.20,0.183276
14.21,0.446118
14.22,0.350857
14.23,0.629955
14.25,0.478689
14.26,0.674536
14.27,0.328633
14.28,0.518937
14.29,0.473334
14.30,1.104995
14.32,0.881858
14.33,0.914285
14.34,0.339651
14.35,0.637367
14.36,0.575159
14.37,0.654075
14.38,0.182195
14.40,0.293925
14.41,0.316710
14.42,0.273596
14.43,0.195935
14.44,0.153130
14.45,0.160460
14.47,0.074718
14.48,0.087791
14.49,0.096569
14.50,0.143342
14.51,0.128816
14.52,0.074204
14.54,0.066342
14.55,0.049081
14.56,0.047977
14.57,0.027224
14.58,0.018146
14.59,0.023647
14.61,0.033293
14.62,0.044228
14.63,0.069774
14.64,0.095566
14.65,0.109520
14.66,0.148631
14.68,0.170671
14.69,0.162248
14.70,0.134725
14.71,0.103276
14.72,0.093283
14.73,0.080617
14.74,0.084804
14.76,0.050814
14.77,0.041109
14.78,0.073794
14.79,0.083366
14.80,0.058203
14.81,0.101825
14.83,0.083354
14.84,0.184434
14.85,0.229906
14.86,0.077596
14.87,0.090539
14.88,0.103898
14.90,0.082821
14.91,0.089092
14.92,0.095135
14.93,0.096507
14.94,0.109138
14.95,0.129331
14.97,0.141814
14.98,0.169504
14.99,0.196985
15.00,0.230595
15.01,0.297183
15.02,0.320519
15.03,0.286524
15.05,0.229069
15.06,0.205670
15.07,0.215818
15.08,0.243904
15.09,0.254388
15.10,0.284722
15.12,0.292128
15.13,0.355719
15.14,0.419908
15.15,0.416442
15.16,0.367427
15.17,0.403553
15.19,0.362199
15.20,0.233665
15.21,0.171124
15.22,0.142403
15.23,0.119031
15.24,0.146235
15.26,0.143667
15.27,0.143845
15.28,0.156577
15.29,0.147917
15.30,0.124561
15.31,0.089367
15.33,0.074217
15.34,0.064735
15.35,0.053375
15.36,0.054478
15.37,0.060711
15.38,0.066718
15.39,0.062946
15.41,0.046685
15.42,0.028840
15.43,0.027515
15.44,0.027650
15.45,0.030332
15.46,0.031320
15.48,0.034082
15.49,0.047513
15.50,0.088762
15.51,0.159986
15.52,0.306711
15.53,0.293324
15.55,0.396983
15.56,0.214548
15.57,0.173916
15.58,0.160561
15.59,0.127228
15.60,0.128677
15.62,0.085992
15.63,0.098919
15.64,0.106277
15.65,0.082546
15.66,0.076834
15.67,0.098494
15.69,0.109332
15.70,0.109755
15.71,0.108467
15.72,0.135890
15.73,0.169069
15.74,0.168210
15.75,0.134895
15.77,0.128198
15.78,0.150427
15.79,0.186670
15.80,0.217507
15.81,0.241548
15.82,0.263325
15.84,0.217921
15.85,0.247799
15.86,0.191277
15.87,0.311869
15.88,0.291562
15.89,0.298598
15.91,0.301067
15.92,0.249199
15.93,0.214440
15.94,0.357134
15.95,0.318042
15.96,0.251998
15.98,0.251058
15.99,0.219559
16.00,0.187929
16.01,0.173356
16.02,0.139040
16.03,0.132798
16.04,0.100489
16.06,0.051791
16.07,0.044163
16.08,0.121001
16.09,0.190333
16.10,0.200173
16.11,0.202821
16.13,0.225811
16.14,0.240869
16.15,0.251076
16.16,0.226977
16.17,0.175911
16.18,0.156208
16.20,0.129557
16.21,0.080312
16.22,0.043576
16.23,0.036819
16.24,0.035437
16.25,0.104009
16.27,0.155012
16.28,0.175287
16.29,0.264556
16.30,0.310222
16.31,0.323455
16.32,0.303526
16.34,0.277898
16.35,0.286853
16.36,0.267534
16.37,0.242017
16.38,0.212863
16.39,0.171523
16.40,0.191742
16.42,0.185229
16.43,0.159248
16.44,0.117664
16.45,0.103199
16.46,0.073095
16.47,0.071497
16.49,0.084863
16.50,0.132966
16.51,0.196147
16.52,0.273841
16.53,0.359808
16.54,0.344891
16.56,0.515209
16.57,0.547890
16.58,0.488510
16.59,0.430440
16.60,0.302950
16.61,0.220371
16.63,0.231679
16.64,0.173998
16.65,0.315598
16.66,0.342658
16.67,0.310655
16.68,0.272837
16.70,0.284624
16.71,0.264673
16.72,0.243680
16.73,0.224414
16.74,0.216641
16.75,0.236480
16.76,0.220483
16.78,0.189391
16.79,0.143480
16.80,0.131976
16.81,0.090218
16.82,0.057378
16.83,0.073376
16.85,0.140570
16.86,0.184743
16.87,0.173399
16.88,0.175361
16.89,0.203144
16.90,0.176784
16.92,0.135334
16.93,0.114419
16.94,0.314753
16.95,0.506306
16.96,0.444296
16.97,0.433823
16.99,0.528796
17.00,0.055717
17.01,0.318902
17.02,0.438248
17.03,0.506746
17.04,0.426815
17.06,0.413340
17.07,0.135357
17.08,0.174239
17.09,0.122598
17.10,0.344407
17.11,0.306458
17.12,0.322651
17.14,0.250657
17.15,0.619541
17.16,0.653038
17.17,0.679942
17.18,0.386638
17.19,0.381213
17.21,0.472020
17.22,0.459435
17.23,0.379582
17.24,0.245262
17.25,0.219929
17.26,0.215713
17.28,0.235056
17.29,0.074982
17.30,0.117244
17.31,0.193962
17.32,0.033248
17.33,0.101254
17.35,0.088240
17.36,0.023778
17.37,0.058961
17.38,0.048488
17.39,0.038720
17.40,0.034473
17.41,0.027211
17.43,0.024203
17.44,0.024911
17.45,0.027215
17.46,0.034602
17.47,0.048876
17.48,0.063725
17.50,0.079096
17.51,0.101573
17.52,0.101720
17.53,0.089481
17.54,0.083202
17.55,0.070550
17.57,0.066244
17.58,0.062389
17.59,0.063013
17.60,0.050227
17.61,0.033244
17.62,0.024922
17.64,0.027956
17.65,0.046455
17.66,0.046511
17.67,0.081457
17.68,0.165834
17.69,0.171174
17.71,0.202347
17.72,0.219033
17.73,0.182408
17.74,0.174345
17.75,0.152123
17.76,0.109758
17.77,0.080754
17.79,0.086167
17.80,0.078886
17.81,0.062804
17.82,0.068317
17.83,0.084287
17.84,0.072125
17.86,0.046171
17.87,0.053798
17.88,0.040553
17.89,0.049643
17.90,0.070248
17.91,0.120610
17.93,0.171678
17.94,0.167800
17.95,0.183518
17.96,0.220055
17.97,0.235812
17.98,0.270184
18.00,0.236317
18.01,0.296758
18.02,0.260291
18.03,0.135802
18.04,0.169979
18.05,0.134077
18.07,0.174468
18.08,0.142925
18.09,0.146282
18.10,0.126075
18.11,0.097053
18.12,0.068892
18.13,0.067538
18.15,0.052847
18.16,0.019875
18.17,0.047953
18.18,0.104632
18.19,0.116654
18.20,0.128205
18.22,0.136500
18.23,0.105286
18.24,0.114229
18.25,0.128114
18.26,0.154356
18.27,0.155665
18.29,0.141714
18.30,0.128411
18.31,0.156831
18.32,0.175830
18.33,0.119740
18.34,0.145298
18.36,0.314055
18.37,0.090822
18.38,0.171985
18.39,0.302698
18.40,0.268086
18.41,0.227868
18.43,0.200445
18.44,0.194458
18.45,0.185575
18.46,0.151116
18.47,0.116849
18.48,0.107562
18.49,0.113734
18.51,0.127933
18.52,0.169728
18.53,0.193800
18.54,0.237675
18.55,0.258818
18.56,0.274497
18.58,0.272787
18.59,0.233777
18.60,0.196756
18.61,0.171994
18.62,0.146229
18.63,0.166444
18.65,0.157749
18.66,0.150720
18.67,0.140409
18.68,0.110337
18.69,0.115248
18.70,0.167210
18.72,0.191444
18.73,0.234264
18.74,0.277958
18.75,0.215443
18.76,0.212601
18.77,0.198953
18.78,0.136145
18.80,0.076878
18.81,0.054333
18.82,0.040171
18.83,0.029840
18.84,0.035958
18.85,0.068416
18.87,0.085476
18.88,0.099243
18.89,0.109232
18.90,0.106256
18.91,0.108140
18.92,0.091009
18.94,0.067235
18.95,0.052043
18.96,0.048490
18.97,0.049322
18.98,0.052240
18.99,0.048627
19.01,0.024167
19.02,0.020653
19.03,0.060285
19.04,0.208045
19.05,0.347677
19.06,0.405648
19.08,0.426743
19.09,0.439925
19.10,0.400531
19.11,0.367353
19.12,0.381330
19.13,0.325451
19.14,0.265691
19.16,0.195153
19.17,0.162554
19.18,0.140382
19.19,0.099250
19.20,0.080532
19.21,0.062596
19.23,0.069105
19.24,0.054473
19.25,0.036689
19.26,0.036040
19.27,0.050917
19.28,0.058685
19.30,0.085874
19.31,0.104416
19.32,0.133294
19.33,0.158322
19.34,0.165580
19.35,0.166453
19.37,0.187574
19.38,0.185723
19.39,0.183753
19.40,0.177039
19.41,0.171298
19.42,0.105587
19.44,0.097046
19.45,0.095589
19.46,0.046041
19.47,0.078787
19.48,0.083467
19.49,0.093529
19.50,0.087223
19.52,0.068896
19.53,0.056689
19.54,0.043212
19.55,0.044121
19.56,0.036448
19.57,0.055331
19.59,0.061228
19.60,0.100392
19.61,0.120504
19.62,0.122270
19.63,0.102833
19.64,0.107623
19.66,0.093700
19.67,0.090778
19.68,0.101446
19.69,0.112078
19.70,0.193515
19.71,0.230112
19.73,0.216925
19.74,0.323581
19.75,0.460729
19.76,0.608004
19.77,0.547282
19.78,0.524079
19.80,0.735569
19.81,0.756418
19.82,0.624616
19.83,0.781148
19.84,0.521704
19.85,0.231078
19.86,0.176673
19.88,0.131423
19.89,0.121300
19.90,0.334327
19.91,0.414428
19.92,0.528926
19.93,0.417901
19.95,0.328543
19.96,0.477945
19.97,0.465087
19.98,0.561044
19.99,0.321950
20.00,0.350197
20.02,0.411446
20.03,0.521037
20.04,0.409256
20.05,0.371457
20.06,0.090827
20.07,0.355623
20.09,0.327845
20.10,0.363191
20.11,0.256970
20.12,0.299693
20.13,0.235925
20.14,0.225951
20.15,0.252166
20.17,0.109436
20.18,0.070985
20.19,0.104566
20.20,0.150062
20.21,0.174901
20.22,0.184565
20.24,0.176717
20.25,0.204491
20.26,0.199132
20.27,0.166080
20.28,0.118313
20.29,0.128726
20.31,0.171309
20.32,0.236782
20.33,0.214640
20.34,0.266431
20.35,0.243380
20.36,0.204878
20.38,0.172785
20.39,0.156101
20.40,0.152257
20.41,0.133679
20.42,0.103011
20.43,0.164547
20.45,0.191259
20.46,0.269055
20.47,0.323422
20.48,0.404379
20.49,0.452238
20.50,0.338712
20.51,0.330585
20.53,0.349880
20.54,0.284758
20.55,0.244153
20.56,0.194775
20.57,0.227175
20.58,0.227100
20.60,0.225322
20.61,0.190257
20.62,0.213578
20.63,0.223167
20.64,0.223909
20.65,0.201901
20.67,0.206656
20.68,0.240236
20.69,0.261742
20.70,0.235085
20.71,0.278398
20.72,0.358280
20.74,0.448106
20.75,0.414622
20.76,0.488972
20.77,0.550884
20.78,0.542551
20.79,0.450690
20.81,0.388736
20.82,0.385873
20.83,0.283480
20.84,0.292784
20.85,0.319772
20.86,0.285931
20.87,0.226350
20.89,0.225482
20.90,0.176210
20.91,0.137468
20.92,0.095517
20.93,0.098590
20.94,0.087203
20.96,0.069940
20.97,0.056597
20.98,0.068045
20.99,0.080941
21.00,0.075247
21.01,0.082325
21.03,0.089594
21.04,0.074856
21.05,0.062081
21.06,0.067831
21.07,0.081847
21.08,0.107632
21.10,0.125583
21.11,0.142189
21.12,0.296285
21.13,0.403950
21.14,0.312251
21.15,0.362471
21.16,0.460466
21.18,0.151477
21.19,0.177281
21.20,0.164764
21.21,0.139823
21.22,0.225563
21.23,0.241172
21.25,0.181079
21.26,0.138880
21.27,0.108591
21.28,0.074961
21.29,0.034176
21.30,0.016620
21.32,0.081551
21.33,0.137120
21.34,0.144015
21.35,0.167426
21.36,0.182628
21.37,0.208397
21.39,0.203933
21.40,0.178033
21.41,0.171360
21.42,0.153631
21.43,0.140432
21.44,0.190336
21.46,0.272441
21.47,0.324025
21.48,0.343135
21.49,0.354153
21.50,0.384268
21.51,0.383309
21.52,0.248607
21.54,0.338628
21.55,0.344958
21.56,0.284200
21.57,0.372904
21.58,0.470283
21.59,0.443095
21.61,0.347736
21.62,0.351887
21.63,0.299841
21.64,0.200647
21.65,0.130838
21.66,0.084097
21.68,0.083522
21.69,0.105056
21.70,0.125526
21.71,0.213890
21.72,0.253354
21.73,0.243724
21.75,0.209837
21.76,0.219674
21.77,0.190375
21.78,0.106884
21.79,0.106489
21.80,0.200272
21.82,0.272142
21.83,0.299175
21.84,0.429371
21.85,0.548660
21.86,0.650897
21.87,0.587100
21.88,0.656654
21.90,0.417156
21.91,0.247137
21.92,0.095401
21.93,0.111000
21.94,0.168887
21.95,0.161273
21.97,0.135686
21.98,0.136656
21.99,0.124096
22.00,0.111622
22.01,0.093753
22.02,0.082934
22.04,0.078607
22.05,0.059080
22.06,0.057762
22.07,0.049742
22.08,0.063041
22.09,0.068885
22.11,0.076423
22.12,0.089782
22.13,0.092986
22.14,0.118039
22.15,0.139600
22.16,0.160875
22.18,0.198831
22.19,0.190298
22.20,0.221297
22.21,0.168124
22.22,0.124233
22.23,0.170589
22.24,0.162358
22.26,0.158275
22.27,0.181148
22.28,0.219776
22.29,0.222006
22.30,0.185428
22.31,0.163386
22.33,0.184225
22.34,0.158286
22.35,0.113326
22.36,0.074789
22.37,0.073387
22.38,0.054911
22.40,0.046715
22.41,0.032020
22.42,0.040858
22.43,0.029995
22.44,0.022233
22.45,0.024999
22.47,0.023228
22.48,0.015917
22.49,0.012306
22.50,0.014233
22.51,0.012890
22.52,0.010167
22.53,0.014560
22.55,0.031334
22.56,0.097724
22.57,0.176526
22.58,0.342575
22.59,0.284183
22.60,0.199778
22.62,0.427778
22.63,0.783700
22.64,0.584345
22.65,0.549671
22.66,0.071315
22.67,0.343986
22.69,0.299958
22.70,0.475849
22.71,0.290166
22.72,0.521553
22.73,0.229124
22.74,0.442113
22.76,0.359019
22.77,0.738086
22.78,0.524662
22.79,0.575998
22.80,0.303205
22.81,0.780592
22.83,0.584956
22.84,0.631751
22.85,0.295975
22.86,0.497613
22.87,0.546034
22.88,0.457734
22.89,0.226480
22.91,0.132665
22.92,0.147665
22.93,0.138362
22.94,0.142599
22.95,0.081450
22.96,0.165684
22.98,0.170728
22.99,0.068657
23.00,0.073950
23.01,0.066156
23.02,0.036795
23.03,0.013420
23.05,0.023632
23.06,0.021671
23.07,0.022824
23.08,0.024922
23.09,0.037098
23.10,0.056464
23.12,0.069820
23.13,0.078308
23.14,0.092386
23.15,0.110920
23.16,0.128630
23.17,0.116485
23.19,0.105927
23.20,0.095541
23.21,0.104682
23.22,0.094493
23.23,0.071156
23.24,0.072459
23.25,0.099673
23.27,0.133320
23.28,0.200051
23.29,0.283468
23.30,0.280017
23.31,0.292369
23.32,0.106591
23.34,0.128748
23.35,0.193215
23.36,0.211783
23.37,0.189711
23.38,0.178489
23.39,0.140690
23.41,0.137970
23.42,0.129544
23.43,0.112700
23.44,0.097474
23.45,0.120648
23.46,0.157509
23.48,0.166939
23.49,0.114517
23.50,0.114779
23.51,0.082789
23.52,0.138635
23.53,0.175860
23.55,0.277974
23.56,0.375954
23.57,0.449102
23.58,0.448224
23.59,0.551441
23.60,0.487820
23.61,0.375662
23.63,0.216886
23.64,0.036773
23.65,0.220725
23.66,0.315949
23.67,0.245904
23.68,0.243560
23.70,0.201121
23.71,0.149455
23.72,0.134036
23.73,0.100786
23.74,0.072469
23.75,0.052144
23.77,0.045587
23.78,0.057724
23.79,0.076595
23.80,0.095569
23.81,0.122557
23.82,0.160541
23.84,0.174541
23.85,0.165480
23.86,0.147639
23.87,0.221303
23.88,0.274043
23.89,0.297138
23.90,0.369923
23.92,0.458327
23.93,0.404556
23.94,0.304640
23.95,0.166190
23.96,0.288957
23.97,0.381414
23.99,0.966436
24.00,0.961763
24.01,0.626264
24.02,0.598493
24.03,0.325415
24.04,0.640932
24.06,0.346622
24.07,0.510069
24.08,0.511345
24.09,0.855603
24.10,0.505034
24.11,0.611497
24.13,0.373067
24.14,0.808149
24.15,0.443566
24.16,0.566577
24.17,0.387588
24.18,1.003297
24.20,0.673105
24.21,0.746501
24.22,0.256744
24.23,0.864924
24.24,0.606286
24.25,0.762230
24.26,0.157869
24.28,0.653027
24.29,0.689923
24.30,0.847664
24.31,0.537351
24.32,0.566878
24.33,0.297925
24.35,0.340135
24.36,0.262312
24.37,0.157442
24.38,0.251593
24.39,0.303635
24.40,0.316073
24.42,0.366205
24.43,0.307710
24.44,0.239724
24.45,0.202189
24.46,0.200910
24.47,0.225936
24.49,0.210058
24.50,0.121825
24.51,0.112069
24.52,0.078153
24.53,0.076176
24.54,0.086559
24.56,0.081477
24.57,0.089603
24.58,0.070872
24.59,0.046116
24.60,0.080043
24.61,0.114287
24.62,0.136905
24.64,0.196654
24.65,0.272155
24.66,0.352590
24.67,0.309235
24.68,0.349740
24.69,0.466849
24.71,0.415759
24.72,0.403662
24.73,0.407023
24.74,0.430102
24.75,0.314160
24.76,0.220519
24.78,0.139641
24.79,0.081823
24.80,0.056796
24.81,0.078841
24.82,0.098471
24.83,0.111252
24.85,0.138829
24.86,0.155451
24.87,0.157336
24.88,0.152785
24.89,0.131215
24.90,0.127254
24.92,0.097020
24.93,0.064332
24.94,0.131885
24.95,0.190657
24.96,0.217934
24.97,0.247768
24.98,0.320319
25.00,0.387555
25.01,0.392149
25.02,0.221728
25.03,0.309123
25.04,0.428894
25.05,0.381677
25.07,0.268659
25.08,0.254925
25.09,0.210315
25.10,0.052671
25.11,0.172423
25.12,0.217610
25.14,0.218441
25.15,0.248895
25.16,0.254476
25.17,0.225201
25.18,0.175140
25.19,0.184375
25.21,0.169901
25.22,0.142010
25.23,0.098836
25.24,0.099454
25.25,0.073597
25.26,0.058776
25.27,0.043891
25.29,0.064097
25.30,0.077836
25.31,0.064271
25.32,0.072844
25.33,0.108090
25.34,0.287120
25.36,0.287494
25.37,0.480368
25.38,0.417443
25.39,0.487915
25.40,0.628276
25.41,0.495251
25.43,0.275758
25.44,0.552213
25.45,0.412150
25.46,0.671763
25.47,0.476932
25.48,0.783287
25.50,0.476903
25.51,0.520800
25.52,0.215906
25.53,0.451228
25.54,0.411382
25.55,0.706169
25.57,0.555479
25.58,0.768030
25.59,0.594191
25.60,0.694735
25.61,0.548494
25.62,0.581273
25.63,0.427400
25.65,0.358676
25.66,0.241441
25.67,0.216746
25.68,0.230385
25.69,0.174447
25.70,0.124603
25.72,0.098040
25.73,0.118781
25.74,0.252124
25.75,0.341737
25.76,0.370846
25.77,0.260283
25.79,0.354430
25.80,0.344939
25.81,0.276933
25.82,0.240432
25.83,0.288856
25.84,0.363219
25.86,0.329088
25.87,0.399699
25.88,0.396274
25.89,0.263083
25.90,0.265835
25.91,0.200098
25.93,0.262715
25.94,0.410886
25.95,0.442098
25.96,0.303955
25.97,0.262935
25.98,0.157183
25.99,0.177672
26.01,0.175850
26.02,0.149259
26.03,0.097324
26.04,0.095693
26.05,0.138149
26.06,0.177465
26.08,0.188653
26.09,0.177292
26.10,0.176053
26.11,0.177162
26.12,0.197475
26.13,0.129252
26.15,0.119467
26.16,0.123042
26.17,0.078329
26.18,0.074360
26.19,0.070489
26.20,0.058984
26.22,0.045906
26.23,0.036224
26.24,0.026378
26.25,0.031520
26.26,0.054749
26.27,0.079066
26.28,0.090889
26.30,0.086304
26.31,0.091481
26.32,0.094767
26.33,0.080722
26.34,0.105825
26.35,0.149463
26.37,0.171754
26.38,0.269051
26.39,0.401253
26.40,0.528016
26.41,0.561301
26.42,0.550858
26.44,0.662379
26.45,0.620390
26.46,0.505934
26.47,0.340265
26.48,0.328311
26.49,0.325173
26.51,0.214782
26.52,0.154829
26.53,0.163990
26.54,0.188101
26.55,0.197029
26.56,0.197968
26.58,0.185007
26.59,0.162981
26.60,0.172308
26.61,0.153740
26.62,0.138915
26.63,0.129655
26.64,0.111200
26.66,0.097516
26.67,0.078991
26.68,0.081718
26.69,0.100035
26.70,0.085904
26.71,0.087616
26.73,0.065966
26.74,0.039881
26.75,0.063726
26.76,0.109904
26.77,0.194448
26.78,0.123196
26.80,0.163554
26.81,0.163017
26.82,0.073352
26.83,0.166698
26.84,0.076917
26.85,0.163853
26.87,0.147379
26.88,0.083156
26.89,0.066636
26.90,0.089719
26.91,0.105072
26.92,0.105403
26.94,0.087316
26.95,0.097850
26.96,0.068154
26.97,0.064732
26.98,0.069535
26.99,0.112782
27.00,0.143977
27.02,0.164723
27.03,0.174751
27.04,0.164064
27.05,0.169437
27.06,0.137574
27.07,0.109630
27.09,0.168778
27.10,0.208300
27.11,0.231777
27.12,0.268081
27.13,0.345617
27.14,0.399899
27.16,0.358675
27.17,0.412082
27.18,0.235890
27.19,0.297331
27.20,0.257432
27.21,0.196071
27.23,0.219588
27.24,0.155212
27.25,0.243712
27.26,0.255688
27.27,0.245888
27.28,0.193073
27.30,0.213799
27.31,0.195277
27.32,0.166253
27.33,0.120231
27.34,0.097722
27.35,0.076781
27.36,0.092478
27.38,0.139452
27.39,0.209846
27.40,0.266337
27.41,0.273015
27.42,0.278501
27.43,0.313373
27.45,0.305540
27.46,0.264661
27.47,0.216741
27.48,0.264118
27.49,0.301618
27.50,0.278537
27.52,0.332088
27.53,0.430706
27.54,0.351343
27.55,0.358880
27.56,0.384515
27.57,0.306339
27.59,0.361489
27.60,0.293423
27.61,0.269622
27.62,0.300035
27.63,0.289999
27.64,0.270361
27.65,0.221976
27.67,0.236507
27.68,0.240908
27.69,0.212389
27.70,0.175717
27.71,0.150847
27.72,0.159428
27.74,0.154684
27.75,0.152172
27.76,0.200182
27.77,0.276172
27.78,0.336804
27.79,0.327889
27.81,0.414586
27.82,0.505900
27.83,0.604525
27.84,0.472825
27.85,0.565979
27.86,0.481811
27.88,0.410855
27.89,0.421048
27.90,0.333570
27.91,0.343855
27.92,0.307299
27.93,0.246977
27.95,0.269753
27.96,0.254149
27.97,0.217993
27.98,0.178079
27.99,0.154398
28.00,0.167932
28.01,0.163970
28.03,0.157652
28.04,0.122925
28.05,0.140837
28.06,0.131223
28.07,0.108559
28.08,0.087984
28.10,0.124759
28.11,0.134474
28.12,0.122822
28.13,0.116928
28.14,0.112866
28.15,0.143789
28.17,0.265720
28.18,0.407146
28.19,0.343453
28.20,0.537697
28.21,0.557805
28.22,0.523312
28.24,0.596173
28.25,0.327540
28.26,0.249557
28.27,0.370969
28.28,0.592160
28.29,0.745650
28.31,0.799930
28.32,0.415399
28.33,0.439483
28.34,0.082969
28.35,0.252831
28.36,0.241374
28.37,0.461590
28.39,0.304488
28.40,0.316834
28.41,0.330974
28.42,0.774151
28.43,0.697026
28.44,0.689525
28.46,0.367395
28.47,0.486935
28.48,0.648627
28.49,0.623512
28.50,0.388990
28.51,0.319476
28.53,0.241912
28.54,0.281342
28.55,0.224838
28.56,0.332213
28.57,0.320512
28.58,0.229055
28.60,0.212899
28.61,0.200878
28.62,0.136934
28.63,0.154019
28.64,0.078327
28.65,0.051581
28.67,0.038955
28.68,0.035818
28.69,0.028390
28.70,0.018729
28.71,0.008577
28.72,0.016510
28.73,0.032098
28.75,0.058468
28.76,0.098837
28.77,0.121978
28.78,0.123806
28.79,0.125586
28.80,0.111425
28.82,0.118298
28.83,0.094728
28.84,0.071843
28.85,0.072823
28.86,0.081978
28.87,0.060477
28.89,0.040198
28.90,0.072446
28.91,0.140430
28.92,0.126066
28.93,0.081913
28.94,0.170974
28.96,0.132672
28.97,0.162453
28.98,0.178640
28.99,0.204044
29.00,0.192068
29.01,0.153494
29.02,0.151256
29.04,0.120378
29.05,0.067724
29.06,0.051960
29.07,0.058556
29.08,0.068749
29.09,0.057235
29.11,0.079666
29.12,0.090532
29.13,0.098843
29.14,0.122306
29.15,0.135558
29.16,0.142418
29.18,0.140126
29.19,0.118900
29.20,0.106765
29.21,0.067465
29.22,0.093657
29.23,0.200370
29.25,0.273784
29.26,0.290757
29.27,0.277601
29.28,0.222845
29.29,0.161942
29.30,0.105844
29.32,0.054140
29.33,0.141267
29.34,0.106411
29.35,0.108385
29.36,0.133121
29.37,0.129754
29.38,0.111271
29.40,0.118210
29.41,0.093241
29.42,0.039865
29.43,0.027331
29.44,0.084784
29.45,0.124815
29.47,0.131140
29.48,0.148049
29.49,0.154140
29.50,0.151435
29.51,0.126396
29.52,0.122008
29.54,0.141627
29.55,0.205497
29.56,0.252584
29.57,0.175846
29.58,0.215754
29.59,0.244510
29.61,0.252926
29.62,0.284134
29.63,0.147179
29.64,0.267674
29.65,0.259573
29.66,0.327419
29.68,0.345608
29.69,0.233204
29.70,0.215736
29.71,0.176087
29.72,0.144288
29.73,0.129218
29.74,0.094748
29.76,0.081222
29.77,0.112824
29.78,0.130061
29.79,0.126095
29.80,0.122691
29.81,0.117788
29.83,0.070750
29.84,0.042371
29.85,0.094542
29.86,0.173582
29.87,0.221653
