0.00,2.564127
0.01,1.785377
0.02,1.328963
0.03,1.459121
0.05,1.625404
0.06,1.433570
0.07,1.203826
0.08,1.422255
0.09,1.152746
0.10,1.544021
0.12,1.690983
0.13,1.043593
0.14,1.232014
0.15,1.208873
0.16,0.763385
0.17,1.165612
0.19,1.499135
0.20,1.073818
0.21,1.486842
0.22,0.987607
0.23,1.123001
0.24,0.802286
0.26,0.844092
0.27,1.820044
0.28,1.866005
0.29,1.208929
0.30,0.996073
0.31,1.062565
0.33,0.893045
0.34,0.673535
0.35,0.669055
0.36,0.781672
0.37,0.822358
0.38,0.662471
0.39,0.743217
0.41,0.629732
0.42,0.640083
0.43,0.897872
0.44,0.607172
0.45,0.958690
0.46,0.659963
0.48,0.921022
0.49,0.602715
0.50,0.528303
0.51,0.734192
0.52,0.763593
0.53,0.598161
0.55,0.898355
0.56,1.716732
0.57,1.734679
0.58,1.171816
0.59,0.927237
0.60,0.920648
0.62,0.792785
0.63,0.764065
0.64,0.559165
0.65,0.730293
0.66,0.439235
0.67,0.596434
0.68,0.635488
0.70,0.706217
0.71,0.518940
0.72,0.759340
0.73,0.493885
0.74,0.501698
0.75,0.597223
0.77,0.765640
0.78,0.519938
0.79,0.555268
0.80,0.571689
0.81,0.556427
0.82,0.435380
0.84,0.654876
0.85,1.247249
0.86,1.298656
0.87,0.539035
0.88,0.485840
0.89,0.561944
0.91,0.407671
0.92,0.417528
0.93,0.401621
0.94,0.440146
0.95,0.288063
0.96,0.429561
0.98,0.334987
0.99,0.381427
1.00,0.304535
1.01,0.515504
1.02,0.351464
1.03,0.443807
1.04,0.460527
1.06,0.543410
1.07,0.417154
1.08,0.397932
1.09,0.512583
1.10,0.356883
1.11,0.313997
1.13,1.261535
1.14,1.688124
1.15,1.355245
1.16,0.393701
1.17,0.329335
1.18,0.330439
1.20,0.278861
1.21,0.254878
1.22,0.264854
1.23,0.287791
1.24,0.282424
1.25,0.276132
1.27,0.274321
1.28,0.211769
1.29,0.243688
1.30,0.239193
1.31,0.252666
1.32,0.185502
1.34,0.185909
1.35,0.210280
1.36,0.198439
1.37,0.154193
1.38,0.163505
1.39,0.167096
1.40,0.170931
1.42,1.165121
1.43,1.359346
1.44,0.997495
1.45,0.662692
1.46,0.400811
1.47,0.375212
1.49,0.352350
1.50,0.312465
1.51,0.304954
1.52,0.280102
1.53,0.310553
1.54,0.241858
1.56,0.294608
1.57,0.230385
1.58,0.320831
1.59,0.246547
1.60,0.372243
1.61,0.256992
1.63,0.347567
1.64,0.254640
1.65,0.329233
1.66,0.242929
1.67,0.293381
1.68,0.238476
1.70,1.091005
1.71,1.494996
1.72,1.288879
1.73,0.545382
1.74,0.472098
1.75,0.394504
1.76,0.404261
1.78,0.308858
1.79,0.294781
1.80,0.302547
1.81,0.276777
1.82,0.313618
1.83,0.261045
1.85,0.278750
1.86,0.218595
1.87,0.276222
1.88,0.206489
1.89,0.246021
1.90,0.209384
1.92,0.287784
1.93,0.215408
1.94,0.313283
1.95,0.218805
1.96,0.318707
1.97,0.262303
1.99,1.458903
2.00,1.695684
2.01,1.225709
2.02,0.730283
2.03,0.676046
2.04,0.765943
2.05,1.038539
2.07,1.387277
2.08,1.772753
2.09,1.494603
2.10,1.868234
2.11,0.930588
2.12,1.330323
2.14,0.922938
2.15,0.734824
2.16,1.488734
2.17,1.403300
2.18,1.562115
2.19,1.529223
2.21,0.803837
2.22,0.847461
2.23,0.780105
2.24,0.660133
2.25,0.946108
2.26,1.188666
2.28,1.412072
2.29,1.267443
2.30,0.825660
2.31,0.647396
2.32,0.461862
2.33,0.477249
2.35,0.353574
2.36,0.284810
2.37,0.259734
2.38,0.308606
2.39,0.309970
2.40,0.353287
2.41,0.330827
2.43,0.374464
2.44,0.297564
2.45,0.281561
2.46,0.324489
2.47,0.265109
2.48,0.301134
2.50,0.325210
2.51,0.332219
2.52,0.322686
2.53,0.322905
2.54,0.380004
2.55,0.876344
2.57,2.152026
2.58,2.183711
2.59,1.212943
2.60,1.163170
2.61,0.872702
2.62,1.173868
2.64,0.937497
2.65,0.778208
2.66,0.924014
2.67,1.087353
2.68,0.959991
2.69,1.263672
2.71,0.918004
2.72,1.229348
2.73,1.321416
2.74,0.856664
2.75,0.863157
2.76,0.661880
2.77,0.994888
2.79,1.042387
2.80,0.577259
2.81,0.754450
2.82,0.511791
2.83,0.922362
2.84,1.275623
2.86,1.253339
2.87,0.931972
2.88,0.771235
2.89,0.743637
2.90,0.546680
2.91,0.390597
2.93,0.406551
2.94,0.445802
2.95,0.387877
2.96,0.489138
2.97,0.391291
2.98,0.336811
3.00,0.285213
3.01,0.274947
3.02,0.267322
3.03,0.373287
3.04,0.279022
3.05,0.363000
3.07,0.245735
3.08,0.256863
3.09,0.265990
3.10,0.317532
3.11,0.384289
3.12,1.250447
3.13,2.212155
3.15,2.035619
3.16,0.758782
3.17,0.600065
3.18,0.563081
3.19,0.479973
3.20,0.623304
3.22,0.383993
3.23,0.401744
3.24,0.318072
3.25,0.354195
3.26,0.414962
3.27,0.556772
3.29,0.391994
3.30,0.597484
3.31,0.567508
3.32,0.399829
3.33,0.360444
3.34,0.303783
3.36,0.339927
3.37,0.434795
3.38,0.300336
3.39,0.433394
3.40,0.312455
3.41,0.953335
3.42,1.139966
3.44,1.005507
3.45,0.696068
3.46,0.433149
3.47,0.427306
3.48,0.254236
3.49,0.221406
3.51,0.230591
3.52,0.259393
3.53,0.227768
3.54,0.348440
3.55,0.343727
3.56,0.269729
3.58,0.273565
3.59,0.219401
3.60,0.212941
3.61,0.255141
3.62,0.201690
3.63,0.296866
3.65,0.217035
3.66,0.234080
3.67,0.254374
3.68,0.215745
3.69,0.863042
3.70,1.910218
3.72,1.962835
3.73,0.939748
3.74,1.200612
3.75,0.935373
3.76,1.697309
3.77,1.187437
3.78,2.051577
3.80,1.959293
3.81,1.488375
3.82,1.898686
3.83,1.107484
3.84,0.948301
3.85,0.937864
3.87,0.793155
3.88,1.570498
3.89,1.218274
3.90,0.961825
3.91,0.830043
3.92,0.796274
3.94,1.258515
3.95,1.187541
3.96,0.959176
3.97,1.263907
3.98,1.476620
3.99,2.095422
4.01,2.019899
4.02,1.740053
4.03,1.461595
4.04,1.332514
4.05,1.186406
4.06,1.267778
4.08,0.819672
4.09,0.812639
4.10,0.840964
4.11,0.789288
4.12,1.098640
4.13,1.050170
4.14,0.791493
4.16,0.697841
4.17,0.620299
4.18,0.665528
4.19,0.592925
4.20,0.562809
4.21,0.700055
4.23,0.649075
4.24,0.523202
4.25,0.408611
4.26,0.939375
4.27,2.483331
4.28,2.857553
4.30,2.378932
4.31,1.998710
4.32,1.862420
4.33,2.108918
4.34,1.482570
4.35,1.828468
4.37,1.240443
4.38,2.186529
4.39,1.490881
4.40,2.397160
4.41,1.870918
4.42,2.075762
4.44,1.667568
4.45,1.688118
4.46,1.359108
4.47,1.928777
4.48,1.599628
4.49,2.094074
4.50,1.870453
4.52,1.727625
4.53,1.516049
4.54,1.320262
4.55,1.676788
4.56,1.808248
4.57,1.441445
4.59,1.321927
4.60,1.109182
4.61,0.854674
4.62,0.916485
4.63,0.773826
4.64,0.776759
4.66,0.731668
4.67,0.763546
4.68,0.739094
4.69,0.638963
4.70,0.653471
4.71,0.514071
4.73,0.610832
4.74,0.488444
4.75,0.581119
4.76,0.557587
4.77,0.465909
4.78,0.423122
4.79,0.319898
4.81,0.325534
4.82,0.286322
4.83,0.391322
4.84,2.208194
4.85,2.589734
4.86,1.436972
4.88,1.908960
4.89,1.555820
4.90,1.774424
4.91,1.850211
4.92,2.099957
4.93,1.864177
4.95,1.568462
4.96,2.089272
4.97,1.684515
4.98,1.162833
4.99,1.008342
5.00,1.308722
5.02,1.765230
5.03,1.747645
5.04,1.226035
5.05,1.495974
5.06,0.999283
5.07,0.636386
5.09,0.932686
5.10,1.036361
5.11,1.496518
5.12,1.679620
5.13,1.915355
5.14,1.741430
5.15,1.061282
5.17,1.012419
5.18,0.750293
5.19,0.618740
5.20,0.584561
5.21,0.398120
5.22,0.410931
5.24,0.331601
5.25,0.371027
5.26,0.570749
5.27,0.426237
5.28,0.504260
5.29,0.386564
5.31,0.329044
5.32,0.305398
5.33,0.348194
5.34,0.388545
5.35,0.379791
5.36,0.372991
5.38,0.340211
5.39,0.410017
5.40,0.495205
5.41,1.485765
5.42,2.139647
5.43,1.974108
5.45,1.337168
5.46,0.722293
5.47,0.654239
5.48,0.891149
5.49,0.847557
5.50,1.306852
5.51,0.902443
5.53,1.073821
5.54,0.829721
5.55,0.551109
5.56,0.537613
5.57,0.662554
5.58,0.624980
5.60,0.797555
5.61,0.518316
5.62,0.555106
5.63,0.442894
5.64,0.387368
5.65,0.508313
5.67,0.522967
5.68,0.475331
5.69,0.813474
5.70,1.362260
5.71,1.467178
5.72,0.981450
5.74,0.759532
5.75,0.669242
5.76,0.656959
5.77,0.497689
5.78,0.643078
5.79,0.472588
5.80,0.462261
5.82,0.343282
5.83,0.372009
5.84,0.422289
5.85,0.443691
5.86,0.396235
5.87,0.397400
5.89,0.352785
5.90,0.337173
5.91,0.383343
5.92,0.386095
5.93,0.437598
5.94,0.359088
5.96,0.350941
5.97,0.372698
5.98,1.127400
5.99,2.113303
6.00,2.130883
6.01,1.503489
6.03,1.190322
6.04,0.920518
6.05,0.987584
6.06,1.072343
6.07,0.771033
6.08,0.866956
6.10,0.905387
6.11,0.858410
6.12,1.278492
6.13,0.719854
6.14,0.768359
6.15,0.650043
6.16,0.595680
6.18,1.018887
6.19,0.938089
6.20,0.795885
6.21,1.001002
6.22,0.597512
6.23,0.630412
6.25,0.814335
6.26,0.899273
6.27,1.899770
6.28,1.825685
6.29,1.234812
6.30,0.903031
6.32,0.721604
6.33,0.582081
6.34,0.425880
6.35,0.447070
6.36,0.442322
6.37,0.420682
6.39,0.418759
6.40,0.469646
6.41,0.443690
6.42,0.489245
6.43,0.608370
6.44,0.472882
6.46,0.548935
6.47,0.459435
6.48,0.414534
6.49,0.530385
6.50,0.451199
6.51,0.507306
6.52,0.409566
6.54,0.411981
6.55,0.879109
6.56,1.926353
6.57,2.115009
6.58,0.962654
6.59,0.874158
6.61,1.142536
6.62,1.341312
6.63,0.992650
6.64,1.535900
6.65,1.201569
6.66,0.965055
6.68,0.767178
6.69,0.849822
6.70,0.891956
6.71,0.768691
6.72,0.701548
6.73,0.815666
6.75,0.780452
6.76,0.880636
6.77,0.692024
6.78,0.716537
6.79,1.024825
6.80,0.674277
6.82,0.667809
6.83,0.622801
6.84,1.491814
6.85,2.128890
6.86,1.732747
6.87,0.946841
6.88,0.686003
6.90,0.493306
6.91,0.581659
6.92,0.561579
6.93,0.550423
6.94,0.489856
6.95,0.369150
6.97,0.355890
6.98,0.408931
6.99,0.467292
7.00,0.437345
7.01,0.242537
7.02,0.307588
7.04,0.326532
7.05,0.455066
7.06,0.472605
7.07,0.317725
7.08,0.318472
7.09,0.272804
7.11,0.338731
7.12,0.361880
7.13,1.639695
7.14,2.037329
7.15,1.844700
7.16,1.174206
7.17,0.809500
7.19,0.681185
7.20,0.427590
7.21,0.556607
7.22,0.895137
7.23,1.006964
7.24,1.376403
7.26,0.853722
7.27,0.897739
7.28,0.957977
7.29,0.450287
7.30,0.502493
7.31,0.576167
7.33,0.553822
7.34,0.818811
7.35,0.619886
7.36,0.663534
7.37,0.656636
7.38,0.542763
7.40,0.554587
7.41,0.950326
7.42,1.843361
7.43,1.820601
7.44,1.179010
7.45,0.814720
7.47,0.783462
7.48,0.663384
7.49,0.747672
7.50,0.557864
7.51,0.648568
7.52,0.570163
7.53,0.502675
7.55,0.513630
7.56,0.556867
7.57,0.566621
7.58,0.623402
7.59,0.482741
7.60,0.472590
7.62,0.598055
7.63,0.511554
7.64,0.462552
7.65,0.478279
7.66,0.474980
7.67,0.537702
7.69,0.677143
7.70,1.527936
7.71,1.750574
7.72,1.243827
7.73,1.162962
7.74,0.661924
7.76,0.626867
7.77,0.652477
7.78,0.740551
7.79,0.982853
7.80,0.872787
7.81,0.707201
7.83,0.563668
7.84,0.532939
7.85,0.554865
7.86,0.518841
7.87,0.501333
7.88,0.520889
7.89,0.472778
7.91,0.509575
7.92,0.501041
7.93,0.511854
7.94,0.471009
7.95,0.476089
7.96,0.481184
7.98,0.566558
7.99,1.451055
8.00,1.716441
8.01,1.186460
8.02,0.787917
8.03,0.678540
8.05,0.477903
8.06,0.399100
8.07,0.383832
8.08,0.349996
8.09,0.317423
8.10,0.338914
8.12,0.322180
8.13,0.339838
8.14,0.287012
8.15,0.322160
8.16,0.332192
8.17,0.377535
8.19,0.306239
8.20,0.331287
8.21,0.340048
8.22,0.330677
8.23,0.320673
8.24,0.355522
8.25,0.316539
8.27,1.008882
8.28,1.843521
8.29,1.785633
8.30,1.249847
8.31,1.142137
8.32,1.033487
8.34,0.972924
8.35,0.915422
8.36,0.908544
8.37,0.866764
8.38,0.826766
8.39,0.816665
8.41,0.777077
8.42,0.763458
8.43,0.728485
8.44,0.712807
8.45,0.679465
8.46,0.616070
8.48,0.607591
8.49,0.580532
8.50,0.535645
8.51,0.523827
8.52,0.486554
8.53,0.466500
8.54,0.485183
8.56,1.172180
8.57,1.933358
8.58,1.874790
8.59,1.055659
8.60,1.259476
8.61,1.256662
8.63,1.399502
8.64,1.342521
8.65,1.569751
8.66,1.044540
8.67,1.624917
8.68,1.324098
8.70,1.445244
8.71,1.541932
8.72,1.188599
8.73,1.596600
8.74,1.164096
8.75,1.751452
8.77,1.459892
8.78,1.517227
8.79,1.454262
8.80,1.216559
8.81,1.331545
8.82,1.006707
8.84,1.606572
8.85,1.867141
8.86,1.570028
8.87,1.186267
8.88,1.186503
8.89,1.197252
8.90,1.206551
8.92,1.158116
8.93,1.247993
8.94,1.212319
8.95,1.211492
8.96,1.237817
8.97,1.022803
8.99,1.191040
9.00,0.814120
9.01,1.120890
9.02,0.773441
9.03,0.952729
9.04,0.751637
9.06,0.908477
9.07,0.705526
9.08,0.833675
9.09,0.664406
9.10,0.793992
9.11,0.712670
9.13,1.332219
9.14,1.975453
9.15,1.798007
9.16,1.240087
9.17,0.990667
9.18,0.768884
9.20,0.595136
9.21,0.501022
9.22,0.448308
9.23,0.509930
9.24,0.475962
9.25,0.536522
9.26,0.569454
9.28,0.544043
9.29,0.628317
9.30,0.512754
9.31,0.558906
9.32,0.585823
9.33,0.482019
9.35,0.534155
9.36,0.470427
9.37,0.466589
9.38,0.492624
9.39,0.448085
9.40,0.531080
9.42,1.532192
9.43,1.782929
9.44,1.145422
9.45,0.801418
9.46,0.950334
9.47,0.839352
9.49,0.773012
9.50,0.785246
9.51,0.767438
9.52,0.580793
9.53,0.641963
9.54,0.607608
9.56,0.526036
9.57,0.638190
9.58,0.552458
9.59,0.653037
9.60,0.686447
9.61,0.530502
9.62,0.674200
9.64,0.619712
9.65,0.517731
9.66,0.621806
9.67,0.536993
9.68,0.438417
9.69,1.633163
9.71,2.064714
9.72,1.602384
9.73,1.245948
9.74,0.983187
9.75,1.265633
9.76,1.075397
9.78,0.910521
9.79,1.075397
9.80,1.140965
9.81,1.028875
9.82,1.065746
9.83,1.175827
9.85,0.725958
9.86,1.054790
9.87,0.946427
9.88,0.738418
9.89,0.952602
9.90,0.813858
9.91,0.820306
9.93,0.964286
9.94,0.691731
9.95,1.003564
9.96,1.003748
9.97,0.700933
9.98,1.302133
10.00,1.831401
10.01,1.690299
10.02,1.395109
10.03,1.052933
10.04,1.095700
10.05,1.029514
10.07,0.840010
10.08,0.927804
10.09,0.962097
10.10,0.725775
10.11,0.923227
10.12,0.719230
10.14,0.813300
10.15,0.867380
10.16,0.616340
10.17,0.741122
10.18,0.659558
10.19,0.527532
10.21,0.685560
10.22,0.641682
10.23,0.644731
10.24,0.811866
10.25,0.630190
10.26,1.090243
10.27,1.577310
10.29,1.372192
10.30,1.359828
10.31,0.969148
10.32,0.744487
10.33,0.913488
10.34,0.849636
10.36,0.753947
10.37,0.788447
10.38,0.805160
10.39,0.794983
10.40,0.974830
10.41,0.961283
10.43,1.085240
10.44,1.022007
10.45,0.956395
10.46,1.073849
10.47,0.915482
10.48,1.002890
10.50,0.930265
10.51,0.827695
10.52,0.803642
10.53,0.830341
10.54,0.753879
10.55,1.579140
10.57,2.035513
10.58,1.705147
10.59,1.157126
10.60,1.058159
10.61,1.161531
10.62,1.033240
10.63,0.852519
10.65,1.039744
10.66,0.796927
10.67,0.846901
10.68,0.798080
10.69,0.557204
10.70,0.631566
10.72,0.658970
10.73,0.462271
10.74,0.587666
10.75,0.529615
10.76,0.450739
10.77,0.537674
10.79,0.458025
10.80,0.467338
10.81,0.503064
10.82,0.388296
10.83,0.506362
10.84,1.570729
10.86,1.864165
10.87,1.311201
10.88,1.047182
10.89,0.882342
10.90,0.831745
10.91,0.809167
10.92,0.756710
10.94,0.864612
10.95,0.740023
10.96,0.848978
10.97,0.827127
10.98,0.754656
10.99,0.889162
11.01,0.993160
11.02,0.919910
11.03,1.016526
11.04,0.958484
11.05,0.948259
11.06,0.938837
11.08,0.946848
11.09,0.875476
11.10,0.908642
11.11,0.942883
11.12,1.589314
11.13,2.185765
11.15,2.042787
11.16,1.840464
11.17,1.486237
11.18,1.414461
11.19,1.535444
11.20,1.581391
11.22,1.438767
11.23,1.601731
11.24,1.345079
11.25,1.529679
11.26,1.456350
11.27,1.221437
11.28,1.335777
11.30,1.043973
11.31,1.126118
11.32,1.030330
11.33,0.804043
11.34,0.818917
11.35,0.735155
11.37,0.728928
11.38,0.813581
11.39,0.733424
11.40,0.732141
11.41,1.197725
11.42,1.707529
11.44,1.706206
11.45,1.074250
11.46,0.830132
11.47,0.940412
11.48,0.873564
11.49,0.827279
11.51,0.871433
11.52,0.870920
11.53,0.730802
11.54,0.742397
11.55,0.682926
11.56,0.751307
11.58,0.770317
11.59,0.602671
11.60,0.685923
11.61,0.604526
11.62,0.562454
11.63,0.546133
11.64,0.499211
11.66,0.550025
11.67,0.582510
11.68,0.488533
11.69,0.718852
11.70,2.085844
11.71,2.432334
11.73,1.519379
11.74,1.095544
11.75,1.178528
11.76,1.042254
11.77,1.016295
11.78,1.007274
11.80,1.044984
11.81,0.925528
11.82,1.225104
11.83,1.151466
11.84,1.220856
11.85,1.051909
11.87,1.148759
11.88,1.093648
11.89,1.242592
11.90,0.961903
11.91,1.103586
11.92,1.076157
11.94,1.049843
11.95,1.137231
11.96,1.025520
11.97,1.071132
11.98,1.629317
11.99,1.867724
12.00,1.698169
12.02,1.194808
12.03,0.969807
12.04,1.023108
12.05,0.894274
12.06,0.865403
12.07,0.807814
12.09,0.708510
12.10,0.791529
12.11,0.810350
12.12,0.670966
12.13,0.794140
12.14,0.769582
12.16,0.728088
12.17,0.740276
12.18,0.753151
12.19,0.685167
12.20,0.778202
12.21,0.689964
12.23,0.755251
12.24,0.754994
12.25,0.824095
12.26,0.984271
12.27,1.631883
12.28,1.813521
12.29,1.508520
12.31,1.189102
12.32,1.084919
12.33,1.005901
12.34,0.846507
12.35,0.924880
12.36,0.864004
12.38,0.758924
12.39,0.811014
12.40,0.795491
12.41,0.713313
12.42,0.690163
12.43,0.647401
12.45,0.663795
12.46,0.605445
12.47,0.518450
12.48,0.547318
12.49,0.597244
12.50,0.505416
12.52,0.560863
12.53,0.558424
12.54,0.459704
12.55,1.187367
12.56,2.095305
12.57,2.263066
12.59,1.470215
12.60,1.505005
12.61,1.505194
12.62,1.598949
12.63,1.195615
12.64,1.501765
12.65,1.223035
12.67,1.352472
12.68,1.340763
12.69,1.079609
12.70,1.291100
12.71,1.191716
12.72,1.105669
12.74,1.220554
12.75,0.949343
12.76,1.042469
12.77,1.064706
12.78,0.850327
12.79,0.997142
12.81,0.898490
12.82,0.730882
12.83,0.795158
12.84,1.183439
12.85,1.462952
12.86,1.158501
12.88,0.927024
12.89,0.856382
12.90,0.834842
12.91,0.715717
12.92,0.707164
12.93,0.680667
12.95,0.656040
12.96,0.670718
12.97,0.672677
12.98,0.594704
12.99,0.712015
13.00,0.688943
13.01,0.618109
13.03,0.647062
13.04,0.574673
13.05,0.570496
13.06,0.599501
13.07,0.579221
13.08,0.615484
13.10,0.634835
13.11,0.540805
13.12,0.669729
13.13,1.536729
13.14,1.685192
13.15,1.342854
13.17,0.954298
13.18,0.934053
13.19,1.017248
13.20,1.552971
13.21,1.032308
13.22,1.275686
13.24,1.085154
13.25,1.045015
13.26,1.205177
13.27,0.790344
13.28,1.026407
13.29,0.915949
13.31,0.734694
13.32,0.848879
13.33,0.853623
13.34,0.816727
13.35,0.922915
13.36,0.847620
13.37,0.869764
13.39,0.957047
13.40,0.850329
13.41,1.760768
13.42,1.889735
13.43,1.151021
13.44,1.261925
13.46,1.039401
13.47,0.874498
13.48,0.972743
13.49,0.771909
13.50,0.797944
13.51,0.874384
13.53,0.635200
13.54,0.673548
13.55,0.725935
13.56,0.668284
13.57,0.737620
13.58,0.639959
13.60,0.727590
13.61,0.664745
13.62,0.560781
13.63,0.725518
13.64,0.680457
13.65,0.565600
13.66,0.690564
13.68,0.689894
13.69,0.648015
13.70,1.593011
13.71,1.775755
13.72,1.387843
13.73,1.258636
13.75,0.965916
13.76,0.922554
13.77,0.866027
13.78,0.759851
13.79,0.760473
13.80,0.825428
13.82,0.607339
13.83,0.693278
13.84,0.610497
13.85,0.589027
13.86,0.627547
13.87,0.575469
13.89,0.674231
13.90,0.722393
13.91,0.614563
13.92,0.783911
13.93,0.660202
13.94,0.644630
13.96,0.721360
13.97,0.717413
13.98,1.003418
13.99,1.448706
14.00,1.621186
14.01,1.086521
14.02,1.083963
14.04,0.815724
14.05,0.938978
14.06,0.877769
14.07,0.715698
14.08,0.836459
14.09,0.711582
14.11,0.643696
14.12,0.671132
14.13,0.626371
14.14,0.616941
14.15,0.678490
14.16,0.558641
14.18,0.578478
14.19,0.550852
14.20,0.493158
14.21,0.499258
14.22,0.501391
14.23,0.503363
14.25,0.475985
14.26,0.414645
14.27,1.136264
14.28,1.761079
14.29,1.645820
14.30,0.886771
14.32,0.743142
14.33,0.773959
14.34,0.875941
14.35,0.888019
14.36,0.802787
14.37,0.931447
14.38,0.832521
14.40,0.865000
14.41,0.914008
14.42,0.716065
14.43,0.734690
14.44,0.679827
14.45,0.648409
14.47,0.737278
14.48,0.713286
14.49,0.606188
14.50,0.651555
14.51,0.607124
14.52,0.629479
14.54,0.709791
14.55,0.681748
14.56,1.715292
14.57,1.811467
14.58,1.217112
14.59,1.123689
14.61,0.776711
14.62,0.635741
14.63,0.659916
14.64,0.597426
14.65,0.646192
14.66,0.642475
14.68,0.519917
14.69,0.669705
14.70,0.655593
14.71,0.520590
14.72,0.595570
14.73,0.533786
14.74,0.540299
14.76,0.523320
14.77,0.476947
14.78,0.542832
14.79,0.601510
14.80,0.495543
14.81,0.583897
14.83,0.565340
14.84,1.473516
14.85,1.932944
14.86,1.638116
14.87,1.241580
14.88,1.019644
14.90,0.871868
14.91,0.788796
14.92,0.759478
14.93,0.563419
14.94,0.633862
14.95,0.617409
14.97,0.536399
14.98,0.592462
14.99,0.523117
15.00,0.483874
15.01,0.486492
15.02,0.447942
15.03,0.471655
15.05,0.553243
15.06,0.434470
15.07,0.529703
15.08,0.500029
15.09,0.501622
15.10,0.530948
15.12,0.424786
15.13,1.705894
15.14,2.206928
15.15,1.729993
15.16,1.133103
15.17,1.249950
15.19,1.267618
15.20,1.191593
15.21,1.024403
15.22,1.133422
15.23,1.719266
15.24,1.553511
15.26,1.166489
15.27,1.679539
15.28,1.357190
15.29,1.199230
15.30,1.348291
15.31,1.211300
15.33,1.190066
15.34,1.266013
15.35,0.982382
15.36,1.168486
15.37,0.857589
15.38,0.847816
15.39,0.921987
15.41,0.970331
15.42,1.823397
15.43,1.794131
15.44,1.188143
15.45,1.008573
15.46,0.887473
15.48,0.877654
15.49,0.608796
15.50,0.698631
15.51,0.602275
15.52,0.546940
15.53,0.460581
15.55,0.642477
15.56,0.535523
15.57,0.576458
15.58,0.526031
15.59,0.669914
15.60,0.538863
15.62,0.467918
15.63,0.451620
15.64,0.622290
15.65,0.493548
15.66,0.425260
15.67,0.496406
15.69,0.601661
15.70,0.983046
15.71,1.715159
15.72,2.094768
15.73,1.166098
15.74,1.178624
15.75,0.990134
15.77,1.215917
15.78,1.145933
15.79,1.072808
15.80,1.005175
15.81,1.285271
15.82,1.329339
15.84,1.029086
15.85,0.699337
15.86,0.930888
15.87,0.909240
15.88,0.915313
15.89,0.625369
15.91,0.795174
15.92,0.741822
15.93,0.722147
15.94,0.622156
15.95,0.828695
15.96,0.734294
15.98,0.785807
15.99,1.105457
16.00,1.511024
16.01,1.310780
16.02,0.867187
16.03,0.750950
16.04,0.660195
16.06,0.549611
16.07,0.454802
16.08,0.573005
16.09,0.508270
16.10,0.524225
16.11,0.426237
16.13,0.523190
16.14,0.412654
16.15,0.453349
16.16,0.390498
16.17,0.499160
16.18,0.454350
16.20,0.387850
16.21,0.455658
16.22,0.485554
16.23,0.533247
16.24,0.474146
16.25,0.478947
16.27,0.980532
16.28,2.140977
16.29,2.443555
16.30,1.440294
16.31,1.330690
16.32,1.266393
16.34,1.035904
16.35,0.814249
16.36,0.749618
16.37,0.889497
16.38,0.730183
16.39,0.635047
16.40,0.699236
16.42,0.797939
16.43,0.680996
16.44,0.642789
16.45,0.608803
16.46,0.666372
16.47,0.637730
16.49,0.645632
16.50,0.542270
16.51,0.553777
16.52,0.570477
16.53,0.593856
16.54,0.530845
16.56,1.331388
16.57,1.948757
16.58,1.726819
16.59,0.947638
16.60,0.910042
16.61,0.796226
16.63,0.760928
16.64,0.782516
16.65,0.612497
16.66,0.501831
16.67,0.576014
16.68,0.571184
16.70,0.483551
16.71,0.550974
16.72,0.593740
16.73,0.636730
16.74,0.478593
16.75,0.629964
16.76,0.535413
16.78,0.557511
16.79,0.507786
16.80,0.609266
16.81,0.535554
16.82,0.545942
16.83,0.472659
16.85,1.274939
16.86,1.586304
16.87,1.336922
16.88,1.002855
16.89,0.857010
16.90,0.672217
16.92,0.619175
16.93,0.500094
16.94,0.559239
16.95,0.420428
16.96,0.474547
16.97,0.335360
16.99,0.437665
17.00,0.340627
17.01,0.352838
17.02,0.309308
17.03,0.391570
17.04,0.312384
17.06,0.298448
17.07,0.272101
17.08,0.322717
17.09,0.306010
17.10,0.243747
17.11,0.263062
17.12,0.760808
17.14,2.073737
17.15,2.238795
17.16,1.132303
17.17,1.024119
17.18,1.165593
17.19,1.069177
17.21,1.138447
17.22,1.074708
17.23,1.229109
17.24,0.775525
17.25,1.065123
17.26,0.846712
17.28,0.871042
17.29,0.703955
17.30,0.912755
17.31,0.715208
17.32,0.719548
17.33,0.637922
17.35,0.710351
17.36,0.658996
17.37,0.599189
17.38,0.581872
17.39,0.557087
17.40,0.450907
17.41,1.294716
17.43,1.756253
17.44,1.481724
17.45,0.902059
17.46,0.909198
17.47,0.706173
17.48,0.660285
17.50,0.592202
17.51,0.448580
17.52,0.473510
17.53,0.456594
17.54,0.388437
17.55,0.461563
17.57,0.472530
17.58,0.410276
17.59,0.367462
17.60,0.379278
17.61,0.352321
17.62,0.285074
17.64,0.241085
17.65,0.359718
17.66,0.346035
17.67,0.296426
17.68,0.284190
17.69,1.050021
17.71,2.209118
17.72,2.146053
17.73,1.172724
17.74,1.258056
17.75,1.132491
17.76,1.509815
17.77,1.089227
17.79,1.189284
17.80,1.380868
17.81,1.215000
17.82,1.022348
17.83,1.018752
17.84,1.090823
17.86,1.077221
17.87,0.738640
17.88,0.715186
17.89,0.761592
17.90,0.763574
17.91,0.514646
17.93,0.723114
17.94,0.698564
17.95,0.765163
17.96,0.567661
17.97,0.575645
17.98,1.206196
18.00,1.404138
18.01,1.297975
18.02,1.171819
18.03,0.924811
18.04,0.874964
18.05,0.527137
18.07,0.734187
18.08,0.546393
18.09,0.700266
18.10,0.392565
18.11,0.781710
18.12,0.517363
18.13,0.644106
18.15,0.383897
18.16,0.558567
18.17,0.404430
18.18,0.613962
18.19,0.430407
18.20,0.661240
18.22,0.449772
18.23,0.624013
18.24,0.419294
18.25,0.549266
18.26,1.009283
18.27,2.154047
18.29,1.980866
18.30,1.373357
18.31,1.011281
18.32,0.786295
18.33,0.942744
18.34,0.763452
18.36,1.433722
18.37,1.343926
18.38,1.191624
18.39,1.037647
18.40,0.580360
18.41,0.530224
18.43,1.052732
18.44,0.861569
18.45,1.401487
18.46,1.254717
18.47,0.925353
18.48,0.722410
18.49,0.595145
18.51,0.577740
18.52,0.993674
18.53,0.646881
18.54,0.948363
18.55,1.224994
18.56,1.679143
18.58,1.586859
18.59,1.148704
18.60,1.179237
18.61,1.053116
18.62,0.645486
18.63,0.804376
18.65,0.469536
18.66,0.478645
18.67,0.434723
18.68,0.647481
18.69,0.789242
18.70,0.842666
18.72,0.482162
18.73,0.666340
18.74,0.373098
18.75,0.441149
18.76,0.510165
18.77,0.558038
18.78,0.710317
18.80,0.635553
18.81,0.468837
18.82,0.335448
18.83,0.385437
18.84,1.358057
18.85,1.915517
18.87,1.611033
18.88,0.960461
18.89,0.661312
18.90,0.611252
18.91,0.549686
18.92,0.459962
18.94,0.666501
18.95,0.608620
18.96,0.445552
18.97,0.412239
18.98,0.399390
18.99,0.418631
19.01,0.563186
19.02,0.375182
19.03,0.547535
19.04,0.463638
19.05,0.380823
19.06,0.315574
19.08,0.425480
19.09,0.364648
19.10,0.549734
19.11,0.338035
19.12,0.772441
19.13,1.884478
19.14,1.962700
19.16,1.014291
19.17,0.816474
19.18,0.871723
19.19,0.892453
19.20,0.768888
19.21,1.070237
19.23,0.765506
19.24,0.799785
19.25,0.992732
19.26,0.931429
19.27,1.376150
19.28,1.073055
19.30,1.002647
19.31,0.957823
19.32,0.762327
19.33,0.963098
19.34,1.012355
19.35,0.821244
19.37,0.940697
19.38,0.939695
19.39,0.719368
19.40,0.817377
19.41,1.824499
19.42,2.174329
19.44,1.605717
19.45,1.153685
19.46,1.178306
19.47,0.926817
19.48,0.866955
19.49,0.911054
19.50,0.870460
19.52,1.043851
19.53,0.968225
19.54,0.831250
19.55,0.826320
19.56,0.769952
19.57,0.780074
19.59,0.894201
19.60,0.749986
19.61,0.815705
19.62,0.723223
19.63,0.677614
19.64,0.689788
19.66,0.722511
19.67,0.765929
19.68,0.702527
19.69,0.601993
19.70,1.528003
19.71,1.862496
19.73,1.502847
19.74,0.831059
19.75,0.604559
19.76,0.600936
19.77,0.798583
19.78,0.571836
19.80,0.788613
19.81,0.685278
19.82,0.585786
19.83,0.627059
19.84,0.630675
19.85,0.810188
19.86,0.769844
19.88,0.572203
19.89,0.725816
19.90,0.720321
19.91,0.719816
19.92,0.734734
19.93,0.695706
19.95,0.789909
19.96,0.893420
19.97,0.754141
19.98,1.328260
19.99,1.886976
20.00,1.721289
20.02,1.339932
20.03,1.126316
20.04,1.029079
20.05,0.885320
20.06,1.056466
20.07,1.081917
20.09,1.014507
20.10,0.938386
20.11,1.230463
20.12,1.156817
20.13,1.148571
20.14,1.209399
20.15,1.019918
20.17,0.990712
20.18,0.930227
20.19,0.881602
20.20,1.153857
20.21,0.898042
20.22,1.057460
20.24,0.829970
20.25,0.786190
20.26,0.848465
20.27,1.522932
20.28,1.484644
20.29,1.020676
20.31,0.777222
20.32,0.757149
20.33,0.645787
20.34,0.547132
20.35,0.648986
20.36,0.652915
20.38,0.590986
20.39,0.541007
20.40,0.683084
20.41,0.750561
20.42,0.753618
20.43,0.815092
20.45,0.837866
20.46,0.806879
20.47,0.850892
20.48,0.812128
20.49,0.758851
20.50,0.800630
20.51,0.779603
20.53,0.778224
20.54,0.785452
20.55,1.004249
20.56,1.536592
20.57,1.484221
20.58,1.023457
20.60,0.872209
20.61,0.784254
20.62,0.628442
20.63,0.617982
20.64,0.707724
20.65,0.661338
20.67,0.628548
20.68,0.621814
20.69,0.625617
20.70,0.550705
20.71,0.476741
20.72,0.482132
20.74,0.440357
20.75,0.327771
20.76,0.406575
20.77,0.394396
20.78,0.400389
20.79,0.328004
20.81,0.401140
20.82,0.351381
20.83,0.316566
20.84,1.604802
20.85,2.257590
20.86,1.960971
20.87,1.394135
20.89,1.200442
20.90,1.212478
20.91,1.057719
20.92,1.026870
20.93,1.182599
20.94,1.020445
20.96,1.474169
20.97,1.102106
20.98,0.973009
20.99,0.954066
21.00,0.640045
21.01,0.705735
21.03,0.829966
21.04,0.766840
21.05,1.177980
21.06,1.181258
21.07,1.020879
21.08,1.067454
21.10,0.706540
21.11,0.756326
21.12,0.872341
21.13,1.792471
21.14,1.953337
21.15,1.274795
21.16,0.923967
21.18,0.879569
21.19,0.776987
21.20,0.652373
21.21,0.630981
21.22,0.729017
21.23,0.603638
21.25,0.521722
21.26,0.498690
21.27,0.503282
21.28,0.506953
21.29,0.443319
21.30,0.544380
21.32,0.551115
21.33,0.526653
21.34,0.459618
21.35,0.501123
21.36,0.465124
21.37,0.505113
21.39,0.541008
21.40,0.441337
21.41,0.904948
21.42,1.551239
21.43,1.604102
21.44,1.157293
21.46,0.880698
21.47,0.744527
21.48,0.534248
21.49,0.489321
21.50,0.534269
21.51,0.553228
21.52,0.515678
21.54,0.517592
21.55,0.462355
21.56,0.431724
21.57,0.421863
21.58,0.443443
21.59,0.422223
21.61,0.366134
21.62,0.388630
21.63,0.353859
21.64,0.319724
21.65,0.352388
21.66,0.396912
21.68,0.464407
21.69,0.451740
21.70,1.558244
21.71,2.248517
21.72,1.625046
21.73,0.676096
21.75,0.663701
21.76,0.839452
21.77,0.800125
21.78,0.720228
21.79,0.780349
21.80,0.879353
21.82,0.980487
21.83,0.991978
21.84,0.802940
21.85,1.025014
21.86,0.792597
21.87,0.817249
21.88,0.828122
21.90,0.804622
21.91,0.863413
21.92,0.755730
21.93,0.672057
21.94,0.660464
21.95,0.711272
21.97,0.698613
21.98,1.001729
21.99,1.820411
22.00,1.875565
22.01,1.528683
22.02,1.359007
22.04,1.029982
22.05,1.097081
22.06,0.916062
22.07,0.926796
22.08,0.844758
22.09,0.916269
22.11,0.975487
22.12,0.973662
22.13,0.902503
22.14,0.942984
22.15,0.826557
22.16,0.848917
22.18,0.718600
22.19,0.731663
22.20,0.760615
22.21,0.751748
22.22,0.729870
22.23,0.765561
22.24,0.658991
22.26,0.745501
22.27,1.144790
22.28,1.537575
22.29,1.582258
22.30,1.118648
22.31,0.838642
22.33,0.841077
22.34,0.787279
22.35,0.736623
22.36,0.756741
22.37,0.558236
22.38,0.602974
22.40,0.522085
22.41,0.462484
22.42,0.452404
22.43,0.506617
22.44,0.459500
22.45,0.652726
22.47,0.486416
22.48,0.530569
22.49,0.500439
22.50,0.411428
22.51,0.430753
22.52,0.408217
22.53,0.476344
22.55,0.857849
22.56,1.530319
22.57,1.474718
22.58,0.980772
22.59,0.720258
22.60,0.713876
22.62,0.760657
22.63,0.686013
22.64,0.718256
22.65,0.623104
22.66,0.638356
22.67,0.643843
22.69,0.611249
22.70,0.766525
22.71,0.622867
22.72,0.651991
22.73,0.654603
22.74,0.620187
22.76,0.711139
22.77,0.702573
22.78,0.613814
22.79,0.676338
22.80,0.625258
22.81,0.697434
22.83,0.727355
22.84,1.484341
22.85,1.923380
22.86,1.696389
22.87,1.067611
22.88,0.870622
22.89,0.693174
22.91,0.665288
22.92,0.576835
22.93,0.539268
22.94,0.595492
22.95,0.542107
22.96,0.493630
22.98,0.481376
22.99,0.451816
23.00,0.521719
23.01,0.571095
23.02,0.548526
23.03,0.619328
23.05,0.552456
23.06,0.548520
23.07,0.563321
23.08,0.628558
23.09,0.621907
23.10,0.680491
23.12,0.692620
23.13,1.908004
23.14,2.114802
23.15,1.455665
23.16,0.999728
23.17,1.073947
23.19,1.068371
23.20,0.942974
23.21,1.372586
23.22,1.387523
23.23,1.326845
23.24,1.416952
23.25,0.891750
23.27,0.966952
23.28,0.973719
23.29,0.842672
23.30,1.180341
23.31,0.916055
23.32,0.860582
23.34,0.754129
23.35,0.712749
23.36,0.641698
23.37,0.880685
23.38,0.720017
23.39,0.978990
23.41,1.112066
23.42,1.686379
23.43,1.815162
23.44,1.347356
23.45,1.322085
23.46,1.215711
23.48,1.131608
23.49,1.188581
23.50,1.148752
23.51,1.201267
23.52,1.128400
23.53,1.101394
23.55,1.040498
23.56,0.990189
23.57,1.013002
23.58,1.058373
23.59,0.934683
23.60,0.824787
23.61,0.892998
23.63,0.801297
23.64,0.885075
23.65,0.817954
23.66,0.842835
23.67,0.722040
23.68,0.664200
23.70,1.329231
23.71,1.655091
23.72,1.172692
23.73,0.889938
23.74,0.839586
23.75,0.764852
23.77,0.748828
23.78,0.625871
23.79,0.530888
23.80,0.596444
23.81,0.596726
23.82,0.583374
23.84,0.466097
23.85,0.471104
23.86,0.506303
23.87,0.524186
23.88,0.518881
23.89,0.570831
23.90,0.537531
23.92,0.524193
23.93,0.510059
23.94,0.474018
23.95,0.540289
23.96,0.542455
23.97,0.826104
23.99,1.546794
24.00,1.542069
24.01,0.773246
24.02,0.685232
24.03,0.575228
24.04,0.578344
24.06,0.554060
24.07,0.528203
24.08,0.534449
24.09,0.514566
24.10,0.476709
24.11,0.522185
24.13,0.512243
24.14,0.526002
24.15,0.546370
24.16,0.532356
24.17,0.548237
24.18,0.510979
24.20,0.542690
24.21,0.523121
24.22,0.515772
24.23,0.475823
24.24,0.563176
24.25,0.535610
24.26,1.105383
24.28,1.775411
24.29,1.554417
24.30,1.040523
24.31,0.964983
24.32,0.800030
24.33,0.772904
24.35,0.752173
24.36,0.735379
24.37,0.697066
24.38,0.672228
24.39,0.650503
24.40,0.628820
24.42,0.567410
24.43,0.613927
24.44,0.629142
24.45,0.614426
24.46,0.603845
24.47,0.571583
24.49,0.534651
24.50,0.615711
24.51,0.599456
24.52,0.569005
24.53,0.492450
24.54,0.564615
24.56,1.559715
24.57,2.204825
24.58,2.067528
24.59,1.386273
24.60,1.275674
24.61,1.183161
24.62,1.610721
24.64,1.401399
24.65,1.814101
24.66,1.991084
24.67,1.728667
24.68,1.808975
24.69,1.504074
24.71,1.666842
24.72,1.076337
24.73,1.253175
24.74,0.977241
24.75,0.992711
24.76,0.995188
24.78,1.121954
24.79,0.898028
24.80,0.933212
24.81,0.513900
24.82,0.821731
24.83,1.033830
24.85,1.859553
24.86,1.963588
24.87,1.405102
24.88,1.086552
24.89,1.099145
24.90,0.888520
24.92,0.927108
24.93,0.777902
24.94,0.832844
24.95,0.690236
24.96,0.743195
24.97,0.819181
24.98,0.774404
25.00,0.795113
25.01,0.771981
25.02,0.741126
25.03,0.690096
25.04,0.610541
25.05,0.552298
25.07,0.583386
25.08,0.562713
25.09,0.616450
25.10,0.542421
25.11,0.560278
25.12,1.060950
25.14,1.790129
25.15,1.796286
25.16,1.401705
25.17,1.306093
25.18,1.137984
25.19,1.221293
25.21,1.181511
25.22,1.038295
25.23,0.897392
25.24,1.261501
25.25,1.183386
25.26,1.145058
25.27,0.838566
25.29,1.057957
25.30,1.103981
25.31,1.079204
25.32,0.735733
25.33,1.009527
25.34,0.922651
25.36,0.858266
25.37,0.670214
25.38,0.946715
25.39,0.830678
25.40,0.800727
25.41,1.608187
25.43,1.801419
25.44,1.509409
25.45,1.080998
25.46,1.201981
25.47,1.120717
25.48,1.081790
25.50,1.215723
25.51,1.121724
25.52,1.222936
25.53,1.085588
25.54,1.004590
25.55,1.057234
25.57,0.989226
25.58,0.945911
25.59,0.685951
25.60,0.898292
25.61,0.807545
25.62,0.805260
25.63,0.684488
25.65,0.836026
25.66,0.697902
25.67,0.724130
25.68,0.655528
25.69,0.902117
25.70,2.119538
25.72,2.378639
25.73,1.478924
25.74,1.049355
25.75,0.791264
25.76,0.947815
25.77,1.063547
25.79,1.263518
25.80,1.194434
25.81,0.670381
25.82,0.781265
25.83,0.798052
25.84,0.893130
25.86,0.954313
25.87,0.975682
25.88,0.937201
25.89,1.025243
25.90,0.786056
25.91,0.783412
25.93,0.753694
25.94,0.709348
25.95,0.655760
25.96,0.668980
25.97,0.690696
25.98,1.547561
25.99,2.213643
26.01,1.978564
26.02,1.323490
26.03,1.182162
26.04,1.252716
26.05,1.289206
26.06,1.128490
26.08,1.173805
26.09,1.213543
26.10,1.179698
26.11,1.170339
26.12,1.098835
26.13,1.080942
26.15,1.053131
26.16,0.994695
26.17,0.949785
26.18,0.939710
26.19,0.827553
26.20,0.811972
26.22,0.687195
26.23,0.624347
26.24,0.634514
26.25,0.634742
26.26,0.665150
26.27,1.482584
26.28,1.810298
26.30,1.243234
26.31,0.830447
26.32,0.907747
26.33,0.735456
26.34,0.572576
26.35,0.516026
26.37,0.533675
26.38,0.507075
26.39,0.517565
26.40,0.426462
26.41,0.376810
26.42,0.341202
26.44,0.376497
26.45,0.403212
26.46,0.414476
26.47,0.426862
26.48,0.435578
26.49,0.443308
26.51,0.406412
26.52,0.400462
26.53,0.405671
26.54,0.350091
26.55,1.255498
26.56,1.901160
26.58,1.751829
26.59,1.090993
26.60,1.047043
26.61,0.952669
26.62,0.853506
26.63,0.773171
26.64,0.754517
26.66,0.771339
26.67,0.760068
26.68,0.733792
26.69,0.705029
26.70,0.713428
26.71,0.703963
26.73,0.727418
26.74,0.724925
26.75,0.724622
26.76,0.745038
26.77,0.725601
26.78,0.728445
26.80,0.745086
26.81,0.791370
26.82,0.817040
26.83,1.088949
26.84,2.133040
26.85,2.830599
26.87,2.444874
26.88,1.753753
26.89,1.707268
26.90,1.260661
26.91,1.760854
26.92,1.747112
26.94,1.894637
26.95,1.644431
26.96,1.825542
26.97,1.765667
26.98,2.048541
26.99,1.506381
27.00,1.679810
27.02,1.457808
27.03,1.811411
27.04,1.701963
27.05,1.461295
27.06,1.654226
27.07,1.420516
27.09,1.536144
27.10,1.395091
27.11,1.324925
27.12,1.336359
27.13,2.083820
27.14,2.119886
27.16,1.569067
27.17,1.512116
27.18,1.639963
27.19,1.462355
27.20,1.159553
27.21,1.121133
27.23,1.238789
27.24,1.257703
27.25,1.073141
27.26,1.166361
27.27,1.244934
27.28,1.199867
27.30,1.042927
27.31,1.122852
27.32,1.105926
27.33,1.140495
27.34,0.960599
27.35,1.011664
27.36,0.996334
27.38,0.994678
27.39,0.904462
27.40,0.884079
27.41,1.443250
27.42,1.987115
27.43,1.879581
27.45,1.578079
27.46,1.346336
27.47,1.281557
27.48,1.034268
27.49,1.248881
27.50,1.232460
27.52,1.317778
27.53,1.050386
27.54,1.341622
27.55,1.278203
27.56,1.384438
27.57,1.013420
27.59,1.426045
27.60,1.259459
27.61,1.229449
27.62,0.996380
27.63,1.289995
27.64,1.167760
27.65,1.094481
27.67,0.967964
27.68,1.211616
27.69,1.053575
27.70,1.502924
27.71,1.758392
27.72,1.602888
27.74,1.438571
27.75,1.113843
27.76,1.272668
27.77,1.085267
27.78,1.245366
27.79,0.967562
27.81,1.196193
27.82,1.077855
27.83,1.191244
27.84,0.984685
27.85,1.223234
27.86,1.053423
27.88,1.134713
27.89,0.983355
27.90,1.215612
27.91,1.075522
27.92,1.230696
27.93,1.080764
27.95,1.215335
27.96,1.035502
27.97,1.085324
27.98,1.219188
27.99,1.720460
28.00,1.701200
28.01,1.409767
28.03,1.234130
28.04,1.128798
28.05,0.878314
28.06,0.919598
28.07,1.012742
28.08,0.923354
28.10,0.872225
28.11,0.819213
28.12,0.854774
28.13,0.695715
28.14,0.759104
28.15,0.752210
28.17,0.778038
28.18,0.687412
28.19,0.695575
28.20,0.668475
28.21,0.660672
28.22,0.604959
28.24,0.613622
28.25,0.605053
28.26,0.582855
28.27,1.918921
28.28,2.625801
28.29,2.282161
28.31,1.843269
28.32,1.132074
28.33,1.054416
28.34,1.109676
28.35,1.171338
28.36,0.950146
28.37,1.202903
28.39,1.188846
28.40,1.070585
28.41,1.245957
28.42,0.814923
28.43,1.029530
28.44,0.971559
28.46,0.908003
28.47,1.060357
28.48,0.948714
28.49,0.965476
28.50,1.060998
28.51,0.836723
28.53,1.002097
28.54,0.900136
28.55,1.075333
28.56,1.794188
28.57,1.913118
28.58,1.471985
28.60,1.262090
28.61,1.009044
28.62,1.070377
28.63,1.045817
28.64,0.859112
28.65,0.875148
28.67,0.808767
28.68,0.739640
28.69,0.643710
28.70,0.542106
28.71,0.575544
28.72,0.664839
28.73,0.524954
28.75,0.647878
28.76,0.644191
28.77,0.526493
28.78,0.642164
28.79,0.639594
28.80,0.595552
28.82,0.662255
28.83,0.630497
28.84,1.295500
28.85,1.686082
28.86,1.558253
28.87,0.954000
28.89,0.926888
28.90,0.654453
28.91,0.762832
28.92,0.701196
28.93,0.664967
28.94,0.730366
28.96,0.705852
28.97,0.710786
28.98,0.713284
28.99,0.638757
29.00,0.749010
29.01,0.827327
29.02,0.740531
29.04,0.835181
29.05,0.853115
29.06,0.792949
29.07,0.790764
29.08,0.752644
29.09,0.783451
29.11,0.774510
29.12,0.643885
29.13,1.545190
29.14,1.728027
29.15,1.327427
29.16,1.055198
29.18,0.733239
29.19,0.836085
29.20,0.770570
29.21,0.731836
29.22,0.918965
29.23,0.822303
29.25,0.851769
29.26,0.805843
29.27,0.753708
29.28,0.874111
29.29,0.802480
29.30,0.630173
29.32,0.660067
29.33,0.583906
29.34,0.510211
29.35,0.495673
29.36,0.451868
29.37,0.461957
29.38,0.464365
29.40,0.457288
29.41,0.865910
29.42,1.559609
29.43,1.711098
29.44,1.175731
29.45,1.105917
29.47,0.837381
29.48,0.872613
29.49,0.931314
29.50,0.824982
29.51,0.911870
29.52,0.961904
29.54,0.849338
29.55,0.923753
29.56,0.927437
29.57,0.997971
29.58,0.975285
29.59,0.952317
29.61,1.048549
29.62,0.989595
29.63,1.040281
29.64,1.017724
29.65,1.007945
29.66,1.030978
29.68,1.051943
29.69,0.882157
29.70,1.828737
29.71,1.923269
29.72,1.575650
29.73,1.341036
29.74,1.179105
29.76,0.984961
29.77,0.975866
29.78,0.662437
29.79,0.743366
29.80,0.721942
29.81,0.784650
29.83,0.865544
29.84,0.853981
29.85,0.759339
29.86,0.730820
29.87,0.717617
