0.00,0.604509
0.01,1.256935
0.02,1.242529
0.03,1.491570
0.05,1.707929
0.06,1.273142
0.07,1.405217
0.08,1.172882
0.09,1.379727
0.10,1.199599
0.12,1.347488
0.13,1.156205
0.14,1.210392
0.15,0.817123
0.16,0.717232
0.17,0.485370
0.19,0.525945
0.20,0.419781
0.21,0.310829
0.22,0.091717
0.23,0.186486
0.24,0.163426
0.26,0.215993
0.27,0.127613
0.28,0.112699
0.29,0.109836
0.30,0.106774
0.31,0.094040
0.33,0.102089
0.34,0.124421
0.35,0.126913
0.36,0.105367
0.37,0.087190
0.38,0.063499
0.39,0.049538
0.41,0.058283
0.42,0.046055
0.43,0.048498
0.44,0.041766
0.45,0.027170
0.46,0.025178
0.48,0.013232
0.49,0.017510
0.50,0.017915
0.51,0.020441
0.52,0.018892
0.53,0.022652
0.55,0.025440
0.56,0.023531
0.57,0.023792
0.58,0.020271
0.59,0.022804
0.60,0.022746
0.62,0.021436
0.63,0.025142
0.64,0.023475
0.65,0.016146
0.66,0.012912
0.67,0.019085
0.68,0.028443
0.70,0.023931
0.71,0.023154
0.72,0.020891
0.73,0.024530
0.74,0.024231
0.75,0.021875
0.77,0.022875
0.78,0.019690
0.79,0.021624
0.80,0.023881
0.81,0.025073
0.82,0.024067
0.84,0.018681
0.85,0.018114
0.86,0.019822
0.87,0.017131
0.88,0.011284
0.89,0.019848
0.91,0.016833
0.92,0.019790
0.93,0.015340
0.94,0.011285
0.95,0.011549
0.96,0.012724
0.98,0.010422
0.99,0.009683
1.00,0.005303
1.01,0.004202
1.02,0.003842
1.03,0.002513
1.04,0.003350
1.06,0.005744
1.07,0.009862
1.08,0.103809
1.09,0.139965
1.10,0.516803
1.11,0.640536
1.13,0.582715
1.14,0.441081
1.15,0.370936
1.16,0.378550
1.17,0.265381
1.18,0.161968
1.20,0.175702
1.21,0.171184
1.22,0.198285
1.23,0.217769
1.24,0.168467
1.25,0.167374
1.27,0.168644
1.28,0.157059
1.29,0.129318
1.30,0.143309
1.31,0.072950
1.32,0.089855
1.34,0.114057
1.35,0.087377
1.36,0.116774
1.37,0.129288
1.38,0.058114
1.39,0.060676
1.40,0.078638
1.42,0.051890
1.43,0.044010
1.44,0.036173
1.45,0.040345
1.46,0.044184
1.47,0.042888
1.49,0.023267
1.50,0.032139
1.51,0.041892
1.52,0.037802
1.53,0.029633
1.54,0.042279
1.56,0.028695
1.57,0.021602
1.58,0.032272
1.59,0.043859
1.60,0.026829
1.61,0.022984
1.63,0.019766
1.64,0.018089
1.65,0.014561
1.66,0.017103
1.67,0.023458
1.68,0.024757
1.70,0.012489
1.71,0.031531
1.72,0.027840
1.73,0.019805
1.74,0.020419
1.75,0.022163
1.76,0.018436
1.78,0.015535
1.79,0.020974
1.80,0.014734
1.81,0.014510
1.82,0.011842
1.83,0.006983
1.85,0.007443
1.86,0.006868
1.87,0.007073
1.88,0.006400
1.89,0.007152
1.90,0.009807
1.92,0.082209
1.93,0.974337
1.94,1.288732
1.95,1.351727
1.96,1.815245
1.97,1.695089
1.99,1.665000
2.00,1.460452
2.01,1.442463
2.02,1.167150
2.03,1.163323
2.04,0.963285
2.05,1.002604
2.07,0.786996
2.08,0.761857
2.09,0.614040
2.10,0.573881
2.11,0.445122
2.12,0.399654
2.14,0.273703
2.15,0.282754
2.16,0.190624
2.17,0.291579
2.18,0.638124
2.19,0.933860
2.21,1.111401
2.22,1.233193
2.23,1.394347
2.24,1.481159
2.25,1.480202
2.26,1.645524
2.28,1.539881
2.29,1.580302
2.30,1.370634
2.31,1.313202
2.32,1.220907
2.33,1.117772
2.35,0.795250
2.36,0.642112
2.37,0.492250
2.38,0.473121
2.39,0.356525
2.40,0.358887
2.41,0.176349
2.43,0.156177
2.44,0.194491
2.45,0.185946
2.46,0.126248
2.47,0.112634
2.48,0.111342
2.50,0.123487
2.51,0.112991
2.52,0.098453
2.53,0.095627
2.54,0.089993
2.55,0.070770
2.57,0.057100
2.58,0.033110
2.59,0.030129
2.60,0.019458
2.61,0.018989
2.62,0.029561
2.64,0.038514
2.65,0.043483
2.66,0.041413
2.67,0.026470
2.68,0.025241
2.69,0.022923
2.71,0.018598
2.72,0.017793
2.73,0.017762
2.74,0.022484
2.75,0.028496
2.76,0.032049
2.77,0.023131
2.79,0.012136
2.80,0.017433
2.81,0.021609
2.82,0.021898
2.83,0.012950
2.84,0.013216
2.86,0.012235
2.87,0.014779
2.88,0.016480
2.89,0.013165
2.90,0.012136
2.91,0.011517
2.93,0.014137
2.94,0.011736
2.95,0.017168
2.96,0.013760
2.97,0.016049
2.98,0.018648
3.00,0.011740
3.01,0.028127
3.02,0.028995
3.03,0.013676
3.04,0.017642
3.05,0.019547
3.07,0.019196
3.08,0.018163
3.09,0.010664
3.10,0.008330
3.11,0.009672
3.12,0.008715
3.13,0.008542
3.15,0.011126
3.16,0.010703
3.17,0.008641
3.18,0.006564
3.19,0.004173
3.20,0.001866
3.22,0.001738
3.23,0.002180
3.24,0.004559
3.25,0.121394
3.26,0.208471
3.27,0.335176
3.29,0.587086
3.30,0.642282
3.31,0.705910
3.32,0.487142
3.33,0.348958
3.34,0.297758
3.36,0.278217
3.37,0.201991
3.38,0.211651
3.39,0.200584
3.40,0.156184
3.41,0.197216
3.42,0.165682
3.44,0.160629
3.45,0.186273
3.46,0.084667
3.47,0.095038
3.48,0.104640
3.49,0.087977
3.51,0.115803
3.52,0.125965
3.53,0.114803
3.54,0.084664
3.55,0.062398
3.56,0.058363
3.58,0.049427
3.59,0.071920
3.60,0.066436
3.61,0.052977
3.62,0.074700
3.63,0.068457
3.65,0.031970
3.66,0.030599
3.67,0.031461
3.68,0.026529
3.69,0.030580
3.70,0.026480
3.72,0.021311
3.73,0.036561
3.74,0.033136
3.75,0.023072
3.76,0.035566
3.77,0.038198
3.78,0.029868
3.80,0.032557
3.81,0.026848
3.82,0.022339
3.83,0.022530
3.84,0.018971
3.85,0.026148
3.87,0.029102
3.88,0.039328
3.89,0.047418
3.90,0.049354
3.91,0.029474
3.92,0.038613
3.94,0.035921
3.95,0.025014
3.96,0.019536
3.97,0.021836
3.98,0.024615
3.99,0.020779
4.01,0.015944
4.02,0.008836
4.03,0.008471
4.04,0.005690
4.05,0.003963
4.06,0.003320
4.08,0.008625
4.09,0.010892
4.10,0.198646
4.11,0.843911
4.12,1.214100
4.13,1.437932
4.14,1.768559
4.16,1.728936
4.17,1.707236
4.18,1.641791
4.19,1.519619
4.20,1.329942
4.21,1.174915
4.23,0.983385
4.24,0.907479
4.25,0.659263
4.26,0.671813
4.27,0.515298
4.28,0.471225
4.30,0.321343
4.31,0.317284
4.32,0.209756
4.33,0.236664
4.34,0.141102
4.35,0.527017
4.37,0.555861
4.38,0.502634
4.39,0.907695
4.40,1.086932
4.41,1.439749
4.42,1.733218
4.44,1.447766
4.45,1.542976
4.46,1.227738
4.47,1.366875
4.48,1.186481
4.49,1.282199
4.50,1.174095
4.52,1.195488
4.53,0.797662
4.54,0.664729
4.55,0.502492
4.56,0.497379
4.57,0.374207
4.59,0.370008
4.60,0.179153
4.61,0.171341
4.62,0.175524
4.63,0.219571
4.64,0.131359
4.66,0.145632
4.67,0.101532
4.68,0.142818
4.69,0.140510
4.70,0.155253
4.71,0.100176
4.73,0.081914
4.74,0.071706
4.75,0.068176
4.76,0.048723
4.77,0.040138
4.78,0.027273
4.79,0.013338
4.81,0.016926
4.82,0.019328
4.83,0.025547
4.84,0.029452
4.85,0.024731
4.86,0.023898
4.88,0.020623
4.89,0.017956
4.90,0.016716
4.91,0.011686
4.92,0.011302
4.93,0.015358
4.95,0.017835
4.96,0.016580
4.97,0.020968
4.98,0.028002
4.99,0.024695
5.00,0.029557
5.02,0.026769
5.03,0.020802
5.04,0.019895
5.05,0.016319
5.06,0.013456
5.07,0.010330
5.09,0.013501
5.10,0.013162
5.11,0.009377
5.12,0.009247
5.13,0.013282
5.14,0.018585
5.15,0.014410
5.17,0.007997
5.18,0.012386
5.19,0.015781
5.20,0.017933
5.21,0.015175
5.22,0.008384
5.24,0.007260
5.25,0.009552
5.26,0.009937
5.27,0.008943
5.28,0.006272
5.29,0.007688
5.31,0.005809
5.32,0.004969
5.33,0.006309
5.34,0.006087
5.35,0.005691
5.36,0.005652
5.38,0.005765
5.39,0.005940
5.40,0.005852
5.41,0.006087
5.42,0.006619
5.43,0.007448
5.45,0.063284
5.46,0.248947
5.47,0.409925
5.48,0.365592
5.49,0.474389
5.50,0.550266
5.51,0.416895
5.53,0.249199
5.54,0.270239
5.55,0.196929
5.56,0.102134
5.57,0.191374
5.58,0.221513
5.60,0.181551
5.61,0.158517
5.62,0.188413
5.63,0.163840
5.64,0.151850
5.65,0.146598
5.67,0.138490
5.68,0.092553
5.69,0.086404
5.70,0.098046
5.71,0.099012
5.72,0.083101
5.74,0.050179
5.75,0.068877
5.76,0.070738
5.77,0.074360
5.78,0.064414
5.79,0.041862
5.80,0.041263
5.82,0.042905
5.83,0.044532
5.84,0.030003
5.85,0.029011
5.86,0.020349
5.87,0.017807
5.89,0.020383
5.90,0.025859
5.91,0.025433
5.92,0.022864
5.93,0.022460
5.94,0.026229
5.96,0.033541
5.97,0.025169
5.98,0.015925
5.99,0.018823
6.00,0.021480
6.01,0.017984
6.03,0.017392
6.04,0.018718
6.05,0.016299
6.06,0.021402
6.07,0.031441
6.08,0.031338
6.10,0.010580
6.11,0.017086
6.12,0.019873
6.13,0.011052
6.14,0.011413
6.15,0.010597
6.16,0.014253
6.18,0.019992
6.19,0.020313
6.20,0.016672
6.21,0.011469
6.22,0.008756
6.23,0.007020
6.25,0.009698
6.26,0.009632
6.27,0.012745
6.28,0.126638
6.29,0.679655
6.30,1.302706
6.32,1.434664
6.33,1.410380
6.34,1.658106
6.35,1.609941
6.36,1.745034
6.37,1.612206
6.39,1.526156
6.40,1.382056
6.41,1.297866
6.42,1.096018
6.43,0.955536
6.44,0.754513
6.46,0.668505
6.47,0.534493
6.48,0.411408
6.49,0.367812
6.50,0.215968
6.51,0.193648
6.52,0.192416
6.54,0.351819
6.55,0.591469
6.56,0.836647
6.57,1.122962
6.58,1.178069
6.59,1.332855
6.61,1.409539
6.62,1.353498
6.63,1.586315
6.64,1.508536
6.65,1.534022
6.66,1.367155
6.68,1.372009
6.69,1.314395
6.70,1.231001
6.71,0.900028
6.72,0.749623
6.73,0.517963
6.75,0.493668
6.76,0.392668
6.77,0.366502
6.78,0.150369
6.79,0.204354
6.80,0.213468
6.82,0.181950
6.83,0.159377
6.84,0.127179
6.85,0.099502
6.86,0.074011
6.87,0.102356
6.88,0.109324
6.90,0.116563
6.91,0.085885
6.92,0.052750
6.93,0.043780
6.94,0.029202
6.95,0.026034
6.97,0.016419
6.98,0.008545
6.99,0.021685
7.00,0.036892
7.01,0.047112
7.02,0.039197
7.04,0.025646
7.05,0.031688
7.06,0.030196
7.07,0.027035
7.08,0.028514
7.09,0.015565
7.11,0.021102
7.12,0.026239
7.13,0.030142
7.14,0.021189
7.15,0.021891
7.16,0.023811
7.17,0.026304
7.19,0.025074
7.20,0.018426
7.21,0.008986
7.22,0.013616
7.23,0.016572
7.24,0.009460
7.26,0.010120
7.27,0.012639
7.28,0.011152
7.29,0.009190
7.30,0.009902
7.31,0.008254
7.33,0.009303
7.34,0.009108
7.35,0.010629
7.36,0.011550
7.37,0.014766
7.38,0.016370
7.40,0.018482
7.41,0.015673
7.42,0.012369
7.43,0.015379
7.44,0.015224
7.45,0.008845
7.47,0.010507
7.48,0.005817
7.49,0.005384
7.50,0.006615
7.51,0.008160
7.52,0.011357
7.53,0.010302
7.55,0.005627
7.56,0.002988
7.57,0.003115
7.58,0.003000
7.59,0.003052
7.60,0.003651
7.62,0.008393
7.63,0.105066
7.64,0.281585
7.65,0.526821
7.66,0.666667
7.67,0.475264
7.69,0.532058
7.70,0.410474
7.71,0.289315
7.72,0.282074
7.73,0.257649
7.74,0.139129
7.76,0.204815
7.77,0.224285
7.78,0.225664
7.79,0.170195
7.80,0.212432
7.81,0.170655
7.83,0.149056
7.84,0.140021
7.85,0.096800
7.86,0.115394
7.87,0.102130
7.88,0.109939
7.89,0.102596
7.91,0.135448
7.92,0.118046
7.93,0.057400
7.94,0.053842
7.95,0.050662
7.96,0.057488
7.98,0.051916
7.99,0.032103
8.00,0.045840
8.01,0.038188
8.02,0.029104
8.03,0.042501
8.05,0.036682
8.06,0.025250
8.07,0.029776
8.08,0.032669
8.09,0.027214
8.10,0.034009
8.12,0.033769
8.13,0.039648
8.14,0.040274
8.15,0.025699
8.16,0.020000
8.17,0.018151
8.19,0.021482
8.20,0.024071
8.21,0.020156
8.22,0.023472
8.23,0.030396
8.24,0.038596
8.25,0.032884
8.27,0.029027
8.28,0.027990
8.29,0.013950
8.30,0.019145
8.31,0.018787
8.32,0.016603
8.34,0.013529
8.35,0.015918
8.36,0.013751
8.37,0.008422
8.38,0.009446
8.39,0.004923
8.41,0.004508
8.42,0.005774
8.43,0.009017
8.44,0.016919
8.45,0.079212
8.46,0.487005
8.48,1.217555
8.49,1.442953
8.50,1.319618
8.51,1.645829
8.52,1.625771
8.53,1.742032
8.54,1.581891
8.56,1.509432
8.57,1.359565
8.58,1.256152
8.59,1.055342
8.60,0.914839
8.61,0.730523
8.63,0.605311
8.64,0.500139
8.65,0.414556
8.66,0.344589
8.67,0.274305
8.68,0.265650
8.70,0.277208
8.71,0.231752
8.72,0.699093
8.73,1.101924
8.74,0.920830
8.75,1.047071
8.77,1.434465
8.78,1.505924
8.79,1.496881
8.80,1.412579
8.81,1.546141
8.82,1.477110
8.84,1.460018
8.85,1.292386
8.86,1.238587
8.87,1.187571
8.88,1.102681
8.89,0.732027
8.90,0.643981
8.92,0.476113
8.93,0.433671
8.94,0.364471
8.95,0.315781
8.96,0.135707
8.97,0.152518
8.99,0.176948
9.00,0.149960
9.01,0.152530
9.02,0.135647
9.03,0.094606
9.04,0.058952
9.06,0.078835
9.07,0.078568
9.08,0.092598
9.09,0.062898
9.10,0.041757
9.11,0.025756
9.13,0.034514
9.14,0.021690
9.15,0.008828
9.16,0.008103
9.17,0.015573
9.18,0.023219
9.20,0.029307
9.21,0.026707
9.22,0.017560
9.23,0.020884
9.24,0.016944
9.25,0.021206
9.26,0.022210
9.28,0.014699
9.29,0.021769
9.30,0.020215
9.31,0.019672
9.32,0.019298
9.33,0.015041
9.35,0.017173
9.36,0.024491
9.37,0.030760
9.38,0.016531
9.39,0.012783
9.40,0.011570
9.42,0.019031
9.43,0.017432
9.44,0.013368
9.45,0.013883
9.46,0.010504
9.47,0.012842
9.49,0.018147
9.50,0.020730
9.51,0.021622
9.52,0.017842
9.53,0.013983
9.54,0.014854
9.56,0.014098
9.57,0.013205
9.58,0.007315
9.59,0.008551
9.60,0.005126
9.61,0.007025
9.62,0.010296
9.64,0.010728
9.65,0.006260
9.66,0.007766
9.67,0.006708
9.68,0.008211
9.69,0.009662
9.71,0.007762
9.72,0.005695
9.73,0.005144
9.74,0.003701
9.75,0.004251
9.76,0.006483
9.78,0.012319
9.79,0.015137
9.80,0.013697
9.81,0.124418
9.82,0.268471
9.83,0.470596
9.85,0.602851
9.86,0.537527
9.87,0.381911
9.88,0.326196
9.89,0.279213
9.90,0.214911
9.91,0.156403
9.93,0.177631
9.94,0.179499
9.95,0.122398
9.96,0.172255
9.97,0.211638
9.98,0.122266
10.00,0.079637
10.01,0.115226
10.02,0.135932
10.03,0.091448
10.04,0.093513
10.05,0.081887
10.07,0.082128
10.08,0.084328
10.09,0.092675
10.10,0.134531
10.11,0.118252
10.12,0.071861
10.14,0.051458
10.15,0.054466
10.16,0.057581
10.17,0.051880
10.18,0.047757
10.19,0.058570
10.21,0.033584
10.22,0.020886
10.23,0.031358
10.24,0.029488
10.25,0.031554
10.26,0.030685
10.27,0.023025
10.29,0.023385
10.30,0.016486
10.31,0.021000
10.32,0.025296
10.33,0.018687
10.34,0.011886
10.36,0.013201
10.37,0.016307
10.38,0.015365
10.39,0.018742
10.40,0.024810
10.41,0.023891
10.43,0.018148
10.44,0.028253
10.45,0.023747
10.46,0.015271
10.47,0.022569
10.48,0.028351
10.50,0.016355
10.51,0.009256
10.52,0.010294
10.53,0.016558
10.54,0.018493
10.55,0.015535
10.57,0.011603
10.58,0.009227
10.59,0.007044
10.60,0.006373
10.61,0.007540
10.62,0.009889
10.63,0.006568
10.65,0.069572
10.66,0.880907
10.67,1.272806
10.68,1.323850
10.69,1.707416
10.70,1.684357
10.72,1.616657
10.73,1.577399
10.74,1.458200
10.75,1.313914
10.76,1.189432
10.77,1.025088
10.79,0.965995
10.80,0.708554
10.81,0.719064
10.82,0.545770
10.83,0.551618
10.84,0.418423
10.86,0.391710
10.87,0.243176
10.88,0.222614
10.89,0.156261
10.90,0.185601
10.91,0.566493
10.92,0.936975
10.94,1.308578
10.95,1.364638
10.96,1.468928
10.97,1.504780
10.98,1.525093
10.99,1.605535
11.01,1.480776
11.02,1.479061
11.03,1.363867
11.04,1.319569
11.05,1.227652
11.06,1.099626
11.08,0.746773
11.09,0.636803
11.10,0.542359
11.11,0.508054
11.12,0.293731
11.13,0.277244
11.15,0.190936
11.16,0.189914
11.17,0.172834
11.18,0.170127
11.19,0.110364
11.20,0.076078
11.22,0.091021
11.23,0.090793
11.24,0.102645
11.25,0.103476
11.26,0.081760
11.27,0.056444
11.28,0.041772
11.30,0.028503
11.31,0.016455
11.32,0.009092
11.33,0.012812
11.34,0.026995
11.35,0.029227
11.37,0.046924
11.38,0.042445
11.39,0.032454
11.40,0.018898
11.41,0.024793
11.42,0.027220
11.44,0.013980
11.45,0.023229
11.46,0.021230
11.47,0.031037
11.48,0.021108
11.49,0.029850
11.51,0.024797
11.52,0.019465
11.53,0.028037
11.54,0.027194
11.55,0.019632
11.56,0.014977
11.58,0.013279
11.59,0.014584
11.60,0.014766
11.61,0.015256
11.62,0.012047
11.63,0.014341
11.64,0.012719
11.66,0.011462
11.67,0.008942
11.68,0.010884
11.69,0.013423
11.70,0.012782
11.71,0.012459
11.73,0.012592
11.74,0.014647
11.75,0.014572
11.76,0.012716
11.77,0.015249
11.78,0.011608
11.80,0.011428
11.81,0.010639
11.82,0.007283
11.83,0.005929
11.84,0.006393
11.85,0.006741
11.87,0.006502
11.88,0.006808
11.89,0.003949
11.90,0.005261
11.91,0.004644
11.92,0.006784
11.94,0.009856
11.95,0.009716
11.96,0.007116
11.97,0.005152
11.98,0.006639
11.99,0.189806
12.00,0.303383
12.02,0.402927
12.03,0.516063
12.04,0.593839
12.05,0.368198
12.06,0.363796
12.07,0.349505
12.09,0.210475
12.10,0.190622
12.11,0.169217
12.12,0.174253
12.13,0.210157
12.14,0.216180
12.16,0.159487
12.17,0.180217
12.18,0.145342
12.19,0.159931
12.20,0.132210
12.21,0.106713
12.23,0.079240
12.24,0.101059
12.25,0.089522
12.26,0.097476
12.27,0.085422
12.28,0.076922
12.29,0.098921
12.31,0.073538
12.32,0.043251
12.33,0.056071
12.34,0.079556
12.35,0.058307
12.36,0.037804
12.38,0.041660
12.39,0.045029
12.40,0.036623
12.41,0.025503
12.42,0.018697
12.43,0.024927
12.45,0.030962
12.46,0.026568
12.47,0.026943
12.48,0.036709
12.49,0.040450
12.50,0.037830
12.52,0.026904
12.53,0.024191
12.54,0.024536
12.55,0.026659
12.56,0.020279
12.57,0.027737
12.59,0.020326
12.60,0.023824
12.61,0.024546
12.62,0.023726
12.63,0.027702
12.64,0.026937
12.65,0.022077
12.67,0.020016
12.68,0.015201
12.69,0.011037
12.70,0.012151
12.71,0.022646
12.72,0.019577
12.74,0.016464
12.75,0.018184
12.76,0.015287
12.77,0.012151
12.78,0.005990
12.79,0.007551
12.81,0.012016
12.82,0.017059
12.83,0.278426
12.84,0.936776
12.85,1.322982
12.86,1.420081
12.88,1.777473
12.89,1.727927
12.90,1.689900
12.91,1.601655
12.92,1.495127
12.93,1.317890
12.95,1.216169
12.96,1.015992
12.97,0.945371
12.98,0.680970
12.99,0.695711
13.00,0.533960
13.01,0.507588
13.03,0.363333
13.04,0.351584
13.05,0.244145
13.06,0.235732
13.07,0.142466
13.08,0.245087
13.10,0.599486
13.11,0.777214
13.12,1.158654
13.13,1.309664
13.14,1.465792
13.15,1.489861
13.17,1.350999
13.18,1.515160
13.19,1.414909
13.20,1.501476
13.21,1.329715
13.22,1.281772
13.24,1.212601
13.25,1.146219
13.26,0.759624
13.27,0.658455
13.28,0.458308
13.29,0.442008
13.31,0.361380
13.32,0.352918
13.33,0.120202
13.34,0.142631
13.35,0.192749
13.36,0.184092
13.37,0.143147
13.39,0.098386
13.40,0.100424
13.41,0.117161
13.42,0.108878
13.43,0.092077
13.44,0.093817
13.46,0.065114
13.47,0.046050
13.48,0.037717
13.49,0.036345
13.50,0.027722
13.51,0.023513
13.53,0.027806
13.54,0.028533
13.55,0.019238
13.56,0.019308
13.57,0.014400
13.58,0.018475
13.60,0.018592
13.61,0.023924
13.62,0.017370
13.63,0.020573
13.64,0.018106
13.65,0.027162
13.66,0.021919
13.68,0.019688
13.69,0.017712
13.70,0.015462
13.71,0.013083
13.72,0.014063
13.73,0.012593
13.75,0.011849
13.76,0.016097
13.77,0.013976
13.78,0.015803
13.79,0.012514
13.80,0.008834
13.82,0.012691
13.83,0.013879
13.84,0.013292
13.85,0.008520
13.86,0.012762
13.87,0.016615
13.89,0.012954
13.90,0.008991
13.91,0.010863
13.92,0.014990
13.93,0.016558
13.94,0.013035
13.96,0.014172
13.97,0.012900
13.98,0.012985
13.99,0.011319
14.00,0.009769
14.01,0.005801
14.02,0.007178
14.04,0.007089
14.05,0.007721
14.06,0.007610
14.07,0.005743
14.08,0.006105
14.09,0.006402
14.11,0.005482
14.12,0.003444
14.13,0.005013
14.14,0.007239
14.15,0.012660
14.16,0.107471
14.18,0.382128
14.19,0.658539
14.20,0.709521
14.21,0.550545
14.22,0.385903
14.23,0.429858
14.25,0.325390
14.26,0.236323
14.27,0.144414
14.28,0.108984
14.29,0.123066
14.30,0.230314
14.32,0.203452
14.33,0.135190
14.34,0.183712
14.35,0.179723
14.36,0.154937
14.37,0.139465
14.38,0.119242
14.40,0.086058
14.41,0.119558
14.42,0.155757
14.43,0.118947
14.44,0.071592
14.45,0.076965
14.47,0.074200
14.48,0.055744
14.49,0.072072
14.50,0.076919
14.51,0.031481
14.52,0.029148
14.54,0.036080
14.55,0.042667
14.56,0.032587
14.57,0.030088
14.58,0.021290
14.59,0.023463
14.61,0.024060
14.62,0.031929
14.63,0.029738
14.64,0.031881
14.65,0.026356
14.66,0.026260
14.68,0.029691
14.69,0.023512
14.70,0.009825
14.71,0.011992
14.72,0.014497
14.73,0.017370
14.74,0.027046
14.76,0.028211
14.77,0.022056
14.78,0.024282
14.79,0.025008
14.80,0.028982
14.81,0.018556
14.83,0.015137
14.84,0.019350
14.85,0.024789
14.86,0.016742
14.87,0.018152
14.88,0.017720
14.90,0.010977
14.91,0.014241
14.92,0.013599
14.93,0.013001
14.94,0.009534
14.95,0.005939
14.97,0.007523
14.98,0.012341
14.99,0.019082
15.00,0.019135
15.01,0.141150
15.02,0.886031
15.03,1.198359
15.05,1.313046
15.06,1.593641
15.07,1.685150
15.08,1.633401
15.09,1.693556
15.10,1.552223
15.12,1.405258
15.13,1.203419
15.14,1.073143
15.15,0.929850
15.16,0.754150
15.17,0.688073
15.19,0.516480
15.20,0.520407
15.21,0.402916
15.22,0.384491
15.23,0.244688
15.24,0.205918
15.26,0.113600
15.27,0.309826
15.28,0.851418
15.29,1.118031
15.30,1.153680
15.31,1.513610
15.33,1.523958
15.34,1.540168
15.35,1.480301
15.36,1.593628
15.37,1.426662
15.38,1.434497
15.39,1.265832
15.41,1.250867
15.42,1.159903
15.43,1.050942
15.44,0.692943
15.45,0.539008
15.46,0.400718
15.48,0.379617
15.49,0.287594
15.50,0.255977
15.51,0.110392
15.52,0.173638
15.53,0.187059
15.55,0.155383
15.56,0.150887
15.57,0.108422
15.58,0.101128
15.59,0.101190
15.60,0.099069
15.62,0.101052
15.63,0.103276
15.64,0.076124
15.65,0.049594
15.66,0.036235
15.67,0.039457
15.69,0.032736
15.70,0.027692
15.71,0.019363
15.72,0.023181
15.73,0.032731
15.74,0.037917
15.75,0.035977
15.77,0.017465
15.78,0.019271
15.79,0.022227
15.80,0.022015
15.81,0.020109
15.82,0.011993
15.84,0.023870
15.85,0.027935
15.86,0.031641
15.87,0.013692
15.88,0.014378
15.89,0.020522
15.91,0.029923
15.92,0.021185
15.93,0.007045
15.94,0.007332
15.95,0.010280
15.96,0.018820
15.98,0.015253
15.99,0.013930
16.00,0.009189
16.01,0.013508
16.02,0.011484
16.03,0.009794
16.04,0.010184
16.06,0.008330
16.07,0.011478
16.08,0.012249
16.09,0.018108
16.10,0.016896
16.11,0.020139
16.13,0.016086
16.14,0.017964
16.15,0.015525
16.16,0.015925
16.17,0.013987
16.18,0.009675
16.20,0.008352
16.21,0.007660
16.22,0.005413
16.23,0.009371
16.24,0.010103
16.25,0.013785
16.27,0.012525
16.28,0.008678
16.29,0.005405
16.30,0.004860
16.31,0.005633
16.32,0.004657
16.34,0.003801
16.35,0.037138
16.36,0.197308
16.37,0.381407
16.38,0.578311
16.39,0.569465
16.40,0.559339
16.42,0.419254
16.43,0.324818
16.44,0.267608
16.45,0.180620
16.46,0.144455
16.47,0.111821
16.49,0.139684
16.50,0.154664
16.51,0.171421
16.52,0.174692
16.53,0.140949
16.54,0.143000
16.56,0.153259
16.57,0.107763
16.58,0.054645
16.59,0.081282
16.60,0.113164
16.61,0.132976
16.63,0.121891
16.64,0.092347
16.65,0.062399
16.66,0.051241
16.67,0.045415
16.68,0.046954
16.70,0.061318
16.71,0.071951
16.72,0.048444
16.73,0.030897
16.74,0.052641
16.75,0.036676
16.76,0.040769
16.78,0.040594
16.79,0.028356
16.80,0.033820
16.81,0.037218
16.82,0.022716
16.83,0.027841
16.85,0.031317
16.86,0.031092
16.87,0.030904
16.88,0.031687
16.89,0.025458
16.90,0.017919
16.92,0.019975
16.93,0.022726
16.94,0.033630
16.95,0.030908
16.96,0.028838
16.97,0.032902
16.99,0.032391
17.00,0.041576
17.01,0.027830
17.02,0.023106
17.03,0.022518
17.04,0.023769
17.06,0.013803
17.07,0.017728
17.08,0.022373
17.09,0.021204
17.10,0.014696
17.11,0.012974
17.12,0.008661
17.14,0.006083
17.15,0.004893
17.16,0.005665
17.17,0.004728
17.18,0.011443
17.19,0.271111
17.21,0.949100
17.22,1.251774
17.23,1.339488
17.24,1.791657
17.25,1.634593
17.26,1.597117
17.28,1.438304
17.29,1.389622
17.30,1.172498
17.31,1.178585
17.32,0.890204
17.33,0.933087
17.35,0.694387
17.36,0.694454
17.37,0.496447
17.38,0.438278
17.39,0.292079
17.40,0.288460
17.41,0.196882
17.43,0.206892
17.44,0.175445
17.45,0.515945
17.46,1.057721
17.47,1.198020
17.48,1.287048
17.50,1.573510
17.51,1.545346
17.52,1.496665
17.53,1.418386
17.54,1.362847
17.55,1.216005
17.57,1.273796
17.58,1.018407
17.59,1.132397
17.60,0.837765
17.61,0.742027
17.62,0.473469
17.64,0.500343
17.65,0.422631
17.66,0.395417
17.67,0.181780
17.68,0.166379
17.69,0.141939
17.71,0.258578
17.72,0.179800
17.73,0.148509
17.74,0.067258
17.75,0.120170
17.76,0.131937
17.77,0.151541
17.79,0.126190
17.80,0.087499
17.81,0.067342
17.82,0.063754
17.83,0.061552
17.84,0.044701
17.86,0.043425
17.87,0.044172
17.88,0.028814
17.89,0.026952
17.90,0.027539
17.91,0.021920
17.93,0.031458
17.94,0.021924
17.95,0.013524
17.96,0.020816
17.97,0.012996
17.98,0.017820
18.00,0.017204
18.01,0.022920
18.02,0.030281
18.03,0.024262
18.04,0.026873
18.05,0.019177
18.07,0.022686
18.08,0.029614
18.09,0.031981
18.10,0.023374
18.11,0.015879
18.12,0.012593
18.13,0.014639
18.15,0.012558
18.16,0.013506
18.17,0.012091
18.18,0.014467
18.19,0.014886
18.20,0.011116
18.22,0.017045
18.23,0.016848
18.24,0.021339
18.25,0.018309
18.26,0.014018
18.27,0.007332
18.29,0.018002
18.30,0.017815
18.31,0.011561
18.32,0.006255
18.33,0.006990
18.34,0.011419
18.36,0.013859
18.37,0.012411
18.38,0.008556
18.39,0.006745
18.40,0.005155
18.41,0.010554
18.43,0.013031
18.44,0.011115
18.45,0.006208
18.46,0.005598
18.47,0.007344
18.48,0.006127
18.49,0.008589
18.51,0.013056
18.52,0.013922
18.53,0.013423
18.54,0.208438
18.55,0.242699
18.56,0.649823
18.58,0.686818
18.59,0.436939
18.60,0.370298
18.61,0.291147
18.62,0.295741
18.63,0.237449
18.65,0.135174
18.66,0.112369
18.67,0.182649
18.68,0.168538
18.69,0.245130
18.70,0.199818
18.72,0.148228
18.73,0.191458
18.74,0.188931
18.75,0.076332
18.76,0.091110
18.77,0.071744
18.78,0.073976
18.80,0.108788
18.81,0.116434
18.82,0.103538
18.83,0.053797
18.84,0.065948
18.85,0.057874
18.87,0.061758
18.88,0.060331
18.89,0.057436
18.90,0.048440
18.91,0.050149
18.92,0.050484
18.94,0.032597
18.95,0.027849
18.96,0.023894
18.97,0.027310
18.98,0.035926
18.99,0.022895
19.01,0.021848
19.02,0.026365
19.03,0.027302
19.04,0.026664
19.05,0.032266
19.06,0.012050
19.08,0.009102
19.09,0.013674
19.10,0.011744
19.11,0.016416
19.12,0.022909
19.13,0.025692
19.14,0.027611
19.16,0.031932
19.17,0.031445
19.18,0.022865
19.19,0.009146
19.20,0.019761
19.21,0.025574
19.23,0.021004
19.24,0.013844
19.25,0.014413
19.26,0.012305
19.27,0.016350
19.28,0.014246
19.30,0.011522
19.31,0.009108
19.32,0.008579
19.33,0.008059
19.34,0.017240
19.35,0.025354
19.37,0.031675
19.38,0.388440
19.39,1.118989
19.40,1.341837
19.41,1.373142
19.42,1.748695
19.44,1.361106
19.45,1.555905
19.46,1.383059
19.47,1.508399
19.48,1.354359
19.49,1.335719
19.50,1.146621
19.52,1.092126
19.53,0.868276
19.54,0.806602
19.55,0.597148
19.56,0.545229
19.57,0.403535
19.59,0.362013
19.60,0.213113
19.61,0.165092
19.62,0.179600
19.63,0.548584
19.64,0.874440
19.66,1.167551
19.67,1.040407
19.68,1.347262
19.69,1.580761
19.70,1.680616
19.71,1.627931
19.73,1.547062
19.74,1.447548
19.75,1.317435
19.76,1.211947
19.77,1.042610
19.78,0.991548
19.80,0.709192
19.81,0.682593
19.82,0.487060
19.83,0.447684
19.84,0.313116
19.85,0.297972
19.86,0.157369
19.88,0.138132
19.89,0.168725
19.90,0.180643
19.91,0.143503
19.92,0.145615
19.93,0.106696
19.95,0.100462
19.96,0.116326
19.97,0.116586
19.98,0.088807
19.99,0.062333
20.00,0.067853
20.02,0.041213
20.03,0.019117
20.04,0.017575
20.05,0.015162
20.06,0.017270
20.07,0.025747
20.09,0.034792
20.10,0.034983
20.11,0.021966
20.12,0.020058
20.13,0.020982
20.14,0.019277
20.15,0.014179
20.17,0.014476
20.18,0.008232
20.19,0.012076
20.20,0.019441
20.21,0.019727
20.22,0.019585
20.24,0.012116
20.25,0.017218
20.26,0.019356
20.27,0.022158
20.28,0.019050
20.29,0.012236
20.31,0.006477
20.32,0.009634
20.33,0.014521
20.34,0.009833
20.35,0.009325
20.36,0.012220
20.38,0.015252
20.39,0.010583
20.40,0.007909
20.41,0.012746
20.42,0.012282
20.43,0.012760
20.45,0.010215
20.46,0.017000
20.47,0.015201
20.48,0.017114
20.49,0.015671
20.50,0.026132
20.51,0.023161
20.53,0.024619
20.54,0.022829
20.55,0.013716
20.56,0.009710
20.57,0.010230
20.58,0.008849
20.60,0.009540
20.61,0.010889
20.62,0.009358
20.63,0.010865
20.64,0.006798
20.65,0.004349
20.67,0.002916
20.68,0.004021
20.69,0.003681
20.70,0.006391
20.71,0.017091
20.72,0.120796
20.74,0.339050
20.75,0.531430
20.76,0.552929
20.77,0.667599
20.78,0.513784
20.79,0.341240
20.81,0.324425
20.82,0.201690
20.83,0.199711
20.84,0.174913
20.85,0.188783
20.86,0.176526
20.87,0.186976
20.89,0.170993
20.90,0.136580
20.91,0.143809
20.92,0.136392
20.93,0.112831
20.94,0.112304
20.96,0.099516
20.97,0.110897
20.98,0.076098
20.99,0.075935
21.00,0.073042
21.01,0.075627
21.03,0.070176
21.04,0.054692
21.05,0.041185
21.06,0.050793
21.07,0.054432
21.08,0.068825
21.10,0.050703
21.11,0.041673
21.12,0.046214
21.13,0.035787
21.14,0.025715
21.15,0.027299
21.16,0.025102
21.18,0.022757
21.19,0.020341
21.20,0.018293
21.21,0.043362
21.22,0.047078
21.23,0.030593
21.25,0.025660
21.26,0.026564
21.27,0.020890
21.28,0.017404
21.29,0.014500
21.30,0.025814
21.32,0.032911
21.33,0.034950
21.34,0.038975
21.35,0.039274
21.36,0.030251
21.37,0.012869
21.39,0.014936
21.40,0.014650
21.41,0.015986
21.42,0.015605
21.43,0.014848
21.44,0.021986
21.46,0.019696
21.47,0.012737
21.48,0.010187
21.49,0.007454
21.50,0.006602
21.51,0.008486
21.52,0.014141
21.54,0.019386
21.55,0.055024
21.56,0.598026
21.57,1.301378
21.58,1.410387
21.59,1.370592
21.61,1.660970
21.62,1.633853
21.63,1.761747
21.64,1.599845
21.65,1.515092
21.66,1.319110
21.68,1.203303
21.69,0.982360
21.70,0.855137
21.71,0.688745
21.72,0.560199
21.73,0.488558
21.75,0.362763
21.76,0.269681
21.77,0.218169
21.78,0.151670
21.79,0.166436
21.80,0.425763
21.82,1.024214
21.83,0.990208
21.84,1.172050
21.85,1.225365
21.86,1.369897
21.87,1.386413
21.88,1.562416
21.90,1.563700
21.91,1.613327
21.92,1.496007
21.93,1.394800
21.94,1.258922
21.95,1.189194
21.97,0.977800
21.98,0.848977
21.99,0.533146
22.00,0.416371
22.01,0.368547
22.02,0.336158
22.04,0.233328
22.05,0.166970
22.06,0.137497
22.07,0.142240
22.08,0.172522
22.09,0.130111
22.11,0.114244
22.12,0.086746
22.13,0.110974
22.14,0.095980
22.15,0.114734
22.16,0.100004
22.18,0.074979
22.19,0.036605
22.20,0.025458
22.21,0.025179
22.22,0.025040
22.23,0.016543
22.24,0.019485
22.26,0.017044
22.27,0.014122
22.28,0.013762
22.29,0.013631
22.30,0.015471
22.31,0.015905
22.33,0.018991
22.34,0.019105
22.35,0.016848
22.36,0.020984
22.37,0.023599
22.38,0.019907
22.40,0.025513
22.41,0.029730
22.42,0.026136
22.43,0.029670
22.44,0.032318
22.45,0.039255
22.47,0.038225
22.48,0.020710
22.49,0.017460
22.50,0.017688
22.51,0.014683
22.52,0.012198
22.53,0.011419
22.55,0.010132
22.56,0.013479
22.57,0.014114
22.58,0.010840
22.59,0.016136
22.60,0.019496
22.62,0.016303
22.63,0.022760
22.64,0.025100
22.65,0.019541
22.66,0.017003
22.67,0.011772
22.69,0.013560
22.70,0.011467
22.71,0.010246
22.72,0.011191
22.73,0.009309
22.74,0.006319
22.76,0.005234
22.77,0.005916
22.78,0.007273
22.79,0.008156
22.80,0.006130
22.81,0.002635
22.83,0.002568
22.84,0.003668
22.85,0.006309
22.86,0.006511
22.87,0.007283
22.88,0.076189
22.89,0.168394
22.91,0.530482
22.92,0.494670
22.93,0.365294
22.94,0.463101
22.95,0.444645
22.96,0.360127
22.98,0.221000
22.99,0.151038
23.00,0.144541
23.01,0.175819
23.02,0.172068
23.03,0.135845
23.05,0.120560
23.06,0.126177
23.07,0.144575
23.08,0.147753
23.09,0.149149
23.10,0.166087
23.12,0.072359
23.13,0.080792
23.14,0.106829
23.15,0.097123
23.16,0.069193
23.17,0.077348
23.19,0.091636
23.20,0.064632
23.21,0.054582
23.22,0.043209
23.23,0.056191
23.24,0.052382
23.25,0.039656
23.27,0.032108
23.28,0.030128
23.29,0.025308
23.30,0.030521
23.31,0.024819
23.32,0.022701
23.34,0.023500
23.35,0.020216
23.36,0.026877
23.37,0.025767
23.38,0.030156
23.39,0.027621
23.41,0.021975
23.42,0.029736
23.43,0.016973
23.44,0.017311
23.45,0.012984
23.46,0.016073
23.48,0.012888
23.49,0.025864
23.50,0.019944
23.51,0.015435
23.52,0.031741
23.53,0.034132
23.55,0.021105
23.56,0.018613
23.57,0.022635
23.58,0.023424
23.59,0.019888
23.60,0.011659
23.61,0.011562
23.63,0.007066
23.64,0.008968
23.65,0.008924
23.66,0.006226
23.67,0.008337
23.68,0.008642
23.70,0.006450
23.71,0.004742
23.72,0.009454
23.73,0.012851
23.74,0.230481
23.75,0.912044
23.77,1.248540
23.78,1.359680
23.79,1.703509
23.80,1.697035
23.81,1.626977
23.82,1.597238
23.84,1.479562
23.85,1.317494
23.86,1.203492
23.87,1.032477
23.88,0.917539
23.89,0.670927
23.90,0.691917
23.92,0.513620
23.93,0.507287
23.94,0.398724
23.95,0.372630
23.96,0.248906
23.97,0.242494
23.99,0.306142
24.00,0.752232
24.01,0.893130
24.02,0.987226
24.03,1.226809
24.04,1.430136
24.06,1.535637
24.07,1.620219
24.08,1.540756
24.09,1.468104
24.10,1.372337
24.11,1.411198
24.13,1.237692
24.14,1.111372
24.15,0.811587
24.16,0.680755
24.17,0.506102
24.18,0.574690
24.20,0.414078
24.21,0.407002
24.22,0.182334
24.23,0.178032
24.24,0.143293
24.25,0.193337
24.26,0.127708
24.28,0.128546
24.29,0.090770
24.30,0.112078
24.31,0.126823
24.32,0.127044
24.33,0.116752
24.35,0.096125
24.36,0.077803
24.37,0.060972
24.38,0.030267
24.39,0.027360
24.40,0.021279
24.42,0.016167
24.43,0.013607
24.44,0.016443
24.45,0.018932
24.46,0.021617
24.47,0.024528
24.49,0.027835
24.50,0.016207
24.51,0.024135
24.52,0.014365
24.53,0.015508
24.54,0.012638
24.56,0.010481
24.57,0.025485
24.58,0.024271
24.59,0.027492
24.60,0.023118
24.61,0.016036
24.62,0.020729
24.64,0.022604
24.65,0.019245
24.66,0.014073
24.67,0.008297
24.68,0.009358
24.69,0.011588
24.71,0.008228
24.72,0.008468
24.73,0.009572
24.74,0.010191
24.75,0.011523
24.76,0.009312
24.78,0.011763
24.79,0.011835
24.80,0.012253
24.81,0.013031
24.82,0.016645
24.83,0.014569
24.85,0.017333
24.86,0.015806
24.87,0.015147
24.88,0.015127
24.89,0.011601
24.90,0.007861
24.92,0.007778
24.93,0.006387
24.94,0.008919
24.95,0.005455
24.96,0.003783
24.97,0.006245
24.98,0.005300
25.00,0.002769
25.01,0.003098
25.02,0.003148
25.03,0.003670
25.04,0.004638
25.05,0.005482
25.07,0.006420
25.08,0.037153
25.09,0.238858
25.10,0.430207
25.11,0.625800
25.12,0.492142
25.14,0.449977
25.15,0.452842
25.16,0.376386
25.17,0.254803
25.18,0.185954
25.19,0.159645
25.21,0.157085
25.22,0.135592
25.23,0.201169
25.24,0.200002
25.25,0.149984
25.26,0.158829
25.27,0.149773
25.29,0.135042
25.30,0.124889
25.31,0.119872
25.32,0.103417
25.33,0.146762
25.34,0.151903
25.36,0.099137
25.37,0.101084
25.38,0.086715
25.39,0.068316
25.40,0.065379
25.41,0.053000
25.43,0.036579
25.44,0.033437
25.45,0.072620
25.46,0.061673
25.47,0.032934
25.48,0.039406
25.50,0.028269
25.51,0.021142
25.52,0.023089
25.53,0.023538
25.54,0.038001
25.55,0.034405
25.57,0.024555
25.58,0.028377
25.59,0.037145
25.60,0.026332
25.61,0.025741
25.62,0.025632
25.63,0.021736
25.65,0.024291
25.66,0.030570
25.67,0.029512
25.68,0.031750
25.69,0.025240
25.70,0.036925
25.72,0.037108
25.73,0.027190
25.74,0.026447
25.75,0.018749
25.76,0.017376
25.77,0.018198
25.79,0.014014
25.80,0.020750
25.81,0.024428
25.82,0.021353
25.83,0.009231
25.84,0.011982
25.86,0.009970
25.87,0.005773
25.88,0.004473
25.89,0.005791
25.90,0.009545
25.91,0.088003
25.93,0.850751
25.94,1.171462
25.95,1.456095
25.96,1.714740
25.97,1.797115
25.98,1.730104
25.99,1.603357
26.01,1.505370
26.02,1.278216
26.03,1.195261
26.04,0.966633
26.05,1.014669
26.06,0.792107
26.08,0.781734
26.09,0.571071
26.10,0.560938
26.11,0.373902
26.12,0.314432
26.13,0.192171
26.15,0.207671
26.16,0.181165
26.17,0.304335
26.18,0.710459
26.19,1.178046
26.20,1.020691
26.22,1.394409
26.23,1.430395
26.24,1.584449
26.25,1.560934
26.26,1.527373
26.27,1.392459
26.28,1.331083
26.30,1.322002
26.31,1.214547
26.32,1.098179
26.33,0.901547
26.34,0.656720
26.35,0.532681
26.37,0.513986
26.38,0.399970
26.39,0.331821
26.40,0.194990
26.41,0.194787
26.42,0.157072
26.44,0.209896
26.45,0.115121
26.46,0.113129
26.47,0.088844
26.48,0.124441
26.49,0.119524
26.51,0.129047
26.52,0.099144
26.53,0.064425
26.54,0.045628
26.55,0.032954
26.56,0.028136
26.58,0.015600
26.59,0.017390
26.60,0.020541
26.61,0.022375
26.62,0.025682
26.63,0.017829
26.64,0.020390
26.66,0.023346
26.67,0.026154
26.68,0.015586
26.69,0.018590
26.70,0.016875
26.71,0.026109
26.73,0.025585
26.74,0.017267
26.75,0.021210
26.76,0.022855
26.77,0.021335
26.78,0.025813
26.80,0.017471
26.81,0.015220
26.82,0.018886
26.83,0.022714
26.84,0.011817
26.85,0.012175
26.87,0.009663
26.88,0.015851
26.89,0.017771
26.90,0.017767
26.91,0.016576
26.92,0.011757
26.94,0.014151
26.95,0.021574
26.96,0.021633
26.97,0.024451
26.98,0.021754
26.99,0.018985
27.00,0.017963
27.02,0.015616
27.03,0.021619
27.04,0.013216
27.05,0.011897
27.06,0.009235
27.07,0.008321
27.09,0.007977
27.10,0.010618
27.11,0.014073
27.12,0.015516
27.13,0.010557
27.14,0.012347
27.16,0.012433
27.17,0.010535
27.18,0.006045
27.19,0.005949
27.20,0.008027
27.21,0.007502
27.23,0.006876
27.24,0.009016
27.25,0.014255
27.26,0.040629
27.27,0.354399
27.28,0.472396
27.30,0.462805
27.31,0.526937
27.32,0.425463
27.33,0.302439
27.34,0.286252
27.35,0.250799
27.36,0.174528
27.38,0.199910
27.39,0.235503
27.40,0.148856
27.41,0.234574
27.42,0.236398
27.43,0.116784
27.45,0.134329
27.46,0.102426
27.47,0.097755
27.48,0.162508
27.49,0.147625
27.50,0.076064
27.52,0.065677
27.53,0.057345
27.54,0.059836
27.55,0.083857
27.56,0.123423
27.57,0.101997
27.59,0.063023
27.60,0.038077
27.61,0.047181
27.62,0.051038
27.63,0.041851
27.64,0.026560
27.65,0.045050
27.67,0.032719
27.68,0.020839
27.69,0.030004
27.70,0.031644
27.71,0.033073
27.72,0.038299
27.74,0.031154
27.75,0.031875
27.76,0.029824
27.77,0.022649
27.78,0.027476
27.79,0.021258
27.81,0.013196
27.82,0.013126
27.83,0.024178
27.84,0.022216
27.85,0.021255
27.86,0.025884
27.88,0.029696
27.89,0.023767
27.90,0.022971
27.91,0.016762
27.92,0.016874
27.93,0.016959
27.95,0.027866
27.96,0.020059
27.97,0.009655
27.98,0.009550
27.99,0.009174
28.00,0.010781
28.01,0.010872
28.03,0.005421
28.04,0.006202
28.05,0.007313
28.06,0.007738
28.07,0.007334
28.08,0.028149
28.10,0.079244
28.11,0.788525
28.12,1.253894
28.13,1.398456
28.14,1.687693
28.15,1.703112
28.17,1.658661
28.18,1.614551
28.19,1.500840
28.20,1.330817
28.21,1.246995
28.22,1.051327
28.24,1.032879
28.25,0.755423
28.26,0.795768
28.27,0.589146
28.28,0.565831
28.29,0.430237
28.31,0.396333
28.32,0.260845
28.33,0.231432
28.34,0.138809
28.35,0.393854
28.36,0.814079
28.37,0.972911
28.39,1.066122
28.40,1.398562
28.41,1.309418
28.42,1.600023
28.43,1.632271
28.44,1.665051
28.46,1.527746
28.47,1.436891
28.48,1.300268
28.49,1.219741
28.50,1.099285
28.51,0.963078
28.53,0.678200
28.54,0.510605
28.55,0.362137
28.56,0.342634
28.57,0.274253
28.58,0.197169
28.60,0.150050
28.61,0.049224
28.62,0.151944
28.63,0.145582
28.64,0.155290
28.65,0.111708
28.67,0.092920
28.68,0.084571
28.69,0.105898
28.70,0.109188
28.71,0.106753
28.72,0.079437
28.73,0.063965
28.75,0.038000
28.76,0.022255
28.77,0.015741
28.78,0.011774
28.79,0.012507
28.80,0.019392
28.82,0.026050
28.83,0.034686
28.84,0.034642
28.85,0.026426
28.86,0.023071
28.87,0.021599
28.89,0.017680
28.90,0.017764
28.91,0.017261
28.92,0.018877
28.93,0.033696
28.94,0.029097
28.96,0.028496
28.97,0.022831
28.98,0.020517
28.99,0.027196
29.00,0.026603
29.01,0.019704
29.02,0.016947
29.04,0.013378
29.05,0.017629
29.06,0.017466
29.07,0.012827
29.08,0.016858
29.09,0.016694
29.11,0.016686
29.12,0.013256
29.13,0.013302
29.14,0.011358
29.15,0.010302
29.16,0.009655
29.18,0.009259
29.19,0.012937
29.20,0.020375
29.21,0.018872
29.22,0.012922
29.23,0.016090
29.25,0.012340
29.26,0.012794
29.27,0.011050
29.28,0.008159
29.29,0.005721
29.30,0.007266
29.32,0.009109
29.33,0.007213
29.34,0.005809
29.35,0.006411
29.36,0.008402
29.37,0.007937
29.38,0.006157
29.40,0.005179
29.41,0.004876
29.42,0.005596
29.43,0.009249
29.44,0.076102
29.45,0.317852
29.47,0.416269
29.48,0.555942
29.49,0.538608
29.50,0.552430
29.51,0.399835
29.52,0.265187
29.54,0.287468
29.55,0.250409
29.56,0.180636
29.57,0.245485
29.58,0.214836
29.59,0.175730
29.61,0.198981
29.62,0.209323
29.63,0.151949
29.64,0.099334
29.65,0.101992
29.66,0.153471
29.68,0.108802
29.69,0.114209
29.70,0.102958
29.71,0.078245
29.72,0.103465
29.73,0.097015
29.74,0.109317
29.76,0.061725
29.77,0.058426
29.78,0.063341
29.79,0.031086
29.80,0.045379
29.81,0.034965
29.83,0.038453
29.84,0.049084
29.85,0.037304
29.86,0.039112
29.87,0.036264
