0.00,0.046284
0.01,0.174210
0.02,0.398025
0.03,0.596855
0.05,0.826237
0.06,0.803680
0.07,1.085359
0.08,1.315204
0.09,0.910514
0.10,0.854871
0.12,1.073384
0.13,1.040234
0.14,0.764843
0.15,1.059038
0.16,1.072940
0.17,0.727796
0.19,0.823826
0.20,0.943362
0.21,0.790063
0.22,0.801092
0.23,0.958500
0.24,0.886614
0.26,0.716432
0.27,0.716842
0.28,0.851270
0.29,0.662059
0.30,0.673282
0.31,0.851562
0.33,0.814167
0.34,0.900997
0.35,1.115800
0.36,1.413715
0.37,1.160921
0.38,1.327877
0.39,1.438219
0.41,1.328351
0.42,1.264220
0.43,1.358879
0.44,1.295759
0.45,1.073273
0.46,1.080744
0.48,1.207427
0.49,1.067497
0.50,1.029055
0.51,1.108229
0.52,0.993732
0.53,0.922341
0.55,0.977340
0.56,1.184830
0.57,1.060648
0.58,1.019333
0.59,1.163326
0.60,1.007706
0.62,0.908855
0.63,0.920429
0.64,1.096178
0.65,0.971805
0.66,0.908101
0.67,1.055147
0.68,0.902785
0.70,0.816005
0.71,0.809254
0.72,0.972316
0.73,0.854579
0.74,0.794970
0.75,0.885542
0.77,0.797067
0.78,0.702301
0.79,0.716210
0.80,0.851230
0.81,0.857095
0.82,0.754800
0.84,0.919693
0.85,0.904225
0.86,0.912492
0.87,0.945218
0.88,0.938070
0.89,0.946929
0.91,0.946643
0.92,0.906930
0.93,0.775697
0.94,0.634204
0.95,0.595438
0.96,0.583228
0.98,0.479903
0.99,0.439405
1.00,0.430940
1.01,0.357091
1.02,0.333426
1.03,0.346804
1.04,0.309995
1.06,0.285916
1.07,0.298377
1.08,0.277868
1.09,0.260536
1.10,0.273149
1.11,0.284677
1.13,0.334490
1.14,0.479351
1.15,0.547154
1.16,0.581080
1.17,0.546419
1.18,0.476546
1.20,0.496518
1.21,0.455547
1.22,0.447969
1.23,0.418050
1.24,0.430504
1.25,0.413878
1.27,0.401606
1.28,0.366421
1.29,0.328836
1.30,0.345667
1.31,0.293439
1.32,0.277061
1.34,0.273962
1.35,0.239783
1.36,0.230262
1.37,0.216654
1.38,0.206004
1.39,0.187793
1.40,0.186440
1.42,0.187536
1.43,0.149507
1.44,0.159695
1.45,0.153952
1.46,0.140156
1.47,0.142430
1.49,0.139680
1.50,0.202828
1.51,0.214715
1.52,0.191898
1.53,0.144997
1.54,0.139098
1.56,0.134129
1.57,0.110748
1.58,0.118297
1.59,0.111541
1.60,0.087774
1.61,0.098287
1.63,0.098803
1.64,0.081661
1.65,0.085265
1.66,0.092130
1.67,0.076259
1.68,0.072886
1.70,0.061053
1.71,0.076606
1.72,0.208761
1.73,0.291058
1.74,0.318740
1.75,0.307807
1.76,0.332379
1.78,0.439907
1.79,0.538489
1.80,0.534811
1.81,0.533335
1.82,0.534707
1.83,0.518791
1.85,0.493394
1.86,0.465759
1.87,0.473908
1.88,0.416038
1.89,0.399654
1.90,0.400326
1.92,0.392448
1.93,0.392735
1.94,0.385260
1.95,0.335857
1.96,0.316247
1.97,0.311090
1.99,0.266849
2.00,0.231122
2.01,0.201671
2.02,0.184638
2.03,0.180086
2.04,0.189503
2.05,0.171323
2.07,0.184144
2.08,0.177922
2.09,0.162662
2.10,0.140979
2.11,0.135470
2.12,0.136192
2.14,0.132763
2.15,0.112269
2.16,0.110179
2.17,0.102696
2.18,0.126338
2.19,0.117916
2.21,0.116204
2.22,0.111197
2.23,0.113853
2.24,0.104283
2.25,0.084361
2.26,0.085435
2.28,0.060787
2.29,0.092234
2.30,0.090197
2.31,0.096429
2.32,0.114069
2.33,0.108622
2.35,0.123749
2.36,0.124113
2.37,0.121786
2.38,0.094002
2.39,0.068172
2.40,0.068116
2.41,0.053776
2.43,0.054473
2.44,0.041843
2.45,0.034029
2.46,0.031336
2.47,0.027808
2.48,0.023771
2.50,0.020165
2.51,0.020176
2.52,0.018940
2.53,0.014790
2.54,0.016367
2.55,0.018919
2.57,0.086506
2.58,0.115724
2.59,0.186695
2.60,0.306619
2.61,0.494768
2.62,0.661725
2.64,0.728613
2.65,0.423025
2.66,0.693846
2.67,0.968596
2.68,1.288280
2.69,1.382082
2.71,1.060518
2.72,1.306359
2.73,1.479978
2.74,1.578189
2.75,1.555356
2.76,1.498789
2.77,1.550904
2.79,1.409361
2.80,1.383412
2.81,1.422806
2.82,1.357529
2.83,1.272925
2.84,1.478611
2.86,1.374417
2.87,1.247005
2.88,1.316918
2.89,1.238067
2.90,1.382078
2.91,1.146585
2.93,1.161069
2.94,1.259031
2.95,0.993917
2.96,1.248695
2.97,1.048295
2.98,0.941722
3.00,0.907952
3.01,0.898159
3.02,0.959830
3.03,0.755357
3.04,0.701505
3.05,0.734693
3.07,0.656159
3.08,0.735341
3.09,0.654290
3.10,0.579030
3.11,0.597247
3.12,0.576753
3.13,0.647584
3.15,0.611717
3.16,0.540259
3.17,0.503848
3.18,0.496459
3.19,0.532651
3.20,0.489530
3.22,0.377633
3.23,0.358436
3.24,0.416853
3.25,0.397509
3.26,0.385110
3.27,0.291151
3.29,0.332565
3.30,0.327844
3.31,0.325148
3.32,0.367274
3.33,0.316676
3.34,0.509260
3.36,0.560042
3.37,0.600698
3.38,0.633178
3.39,0.602038
3.40,0.718957
3.41,0.678441
3.42,0.617941
3.44,0.740012
3.45,0.867123
3.46,1.001401
3.47,1.084285
3.48,0.984268
3.49,1.012697
3.51,1.201342
3.52,1.101376
3.53,1.166863
3.54,1.007866
3.55,1.083299
3.56,0.961928
3.58,0.837218
3.59,0.945243
3.60,0.810337
3.61,0.800085
3.62,0.889914
3.63,0.776777
3.65,0.842652
3.66,0.742280
3.67,0.706186
3.68,0.694484
3.69,0.601548
3.70,0.778965
3.72,0.649930
3.73,0.621835
3.74,0.690324
3.75,0.675482
3.76,0.668968
3.77,0.603814
3.78,0.605207
3.80,0.643234
3.81,0.613900
3.82,0.655325
3.83,0.643610
3.84,0.553751
3.85,0.657013
3.87,0.666699
3.88,0.562194
3.89,0.526483
3.90,0.517053
3.91,0.661884
3.92,0.562104
3.94,0.792645
3.95,0.753259
3.96,0.875153
3.97,1.004167
3.98,0.959227
3.99,0.798660
4.01,0.906154
4.02,1.024080
4.03,1.033499
4.04,0.901261
4.05,0.831561
4.06,0.728628
4.08,0.774931
4.09,0.703006
4.10,0.585185
4.11,0.663615
4.12,0.666625
4.13,0.802594
4.14,0.720493
4.16,0.664248
4.17,0.614665
4.18,0.769925
4.19,0.675031
4.20,0.590312
4.21,0.394429
4.23,0.528203
4.24,0.560720
4.25,0.588380
4.26,0.495180
4.27,0.599819
4.28,0.595027
4.30,0.637816
4.31,0.532965
4.32,0.432711
4.33,0.377612
4.34,0.438861
4.35,0.476340
4.37,0.449270
4.38,0.628957
4.39,0.575068
4.40,0.610135
4.41,0.541712
4.42,0.812419
4.44,0.650757
4.45,0.737300
4.46,0.629110
4.47,0.611080
4.48,0.492118
4.49,0.437974
4.50,0.592337
4.52,0.614070
4.53,0.556472
4.54,0.565439
4.55,0.479713
4.56,0.457536
4.57,0.279435
4.59,0.256084
4.60,0.465864
4.61,0.402390
4.62,0.483232
4.63,0.295762
4.64,0.380577
4.66,0.207257
4.67,0.220826
4.68,0.286191
4.69,0.287199
4.70,0.330666
4.71,0.290755
4.73,0.212647
4.74,0.176039
4.75,0.137726
4.76,0.141632
4.77,0.200509
4.78,0.210951
4.79,0.220940
4.81,0.148716
4.82,0.160165
4.83,0.128310
4.84,0.138041
4.85,0.141874
4.86,0.217974
4.88,0.257486
4.89,0.320089
4.90,0.303806
4.91,0.416707
4.92,0.755012
4.93,0.926925
4.95,1.078828
4.96,1.053437
4.97,1.107972
4.98,1.226613
4.99,1.114936
5.00,1.235262
5.02,1.128179
5.03,1.113838
5.04,1.144477
5.05,1.204487
5.06,1.199914
5.07,1.112853
5.09,1.324675
5.10,1.250461
5.11,1.154149
5.12,1.280248
5.13,1.121904
5.14,1.172695
5.15,1.252841
5.17,1.280940
5.18,1.370950
5.19,1.145296
5.20,1.135407
5.21,1.162791
5.22,1.056447
5.24,1.124159
5.25,1.023459
5.26,0.827727
5.27,0.780089
5.28,0.941720
5.29,0.781974
5.31,0.797582
5.32,0.722431
5.33,0.575684
5.34,0.651143
5.35,0.711512
5.36,0.571484
5.38,0.686889
5.39,0.563447
5.40,0.559574
5.41,0.542537
5.42,0.604591
5.43,0.491598
5.45,0.563521
5.46,0.578229
5.47,0.466779
5.48,0.502994
5.49,0.531525
5.50,0.442509
5.51,0.494556
5.53,0.503103
5.54,0.521338
5.55,0.443603
5.56,0.500166
5.57,0.579662
5.58,0.612473
5.60,0.732293
5.61,0.758998
5.62,0.916613
5.63,0.667437
5.64,0.709564
5.65,0.572441
5.67,0.737715
5.68,0.679167
5.69,0.633854
5.70,0.912063
5.71,0.687495
5.72,0.715836
5.74,0.714832
5.75,0.767997
5.76,0.700838
5.77,0.678693
5.78,0.793093
5.79,0.668895
5.80,0.798504
5.82,0.761376
5.83,0.769463
5.84,0.661583
5.85,0.689600
5.86,0.789409
5.87,0.646086
5.89,0.773877
5.90,0.703684
5.91,0.677051
5.92,0.622014
5.93,0.657993
5.94,0.684817
5.96,0.654537
5.97,0.727728
5.98,0.690314
5.99,0.633790
6.00,0.618565
6.01,0.656001
6.03,0.609783
6.04,0.695554
6.05,0.631320
6.06,0.675011
6.07,0.712753
6.08,0.597424
6.10,0.587940
6.11,0.605358
6.12,0.794417
6.13,0.697505
6.14,0.818700
6.15,0.864091
6.16,0.699695
6.18,0.876959
6.19,1.055740
6.20,0.925989
6.21,0.924051
6.22,0.901148
6.23,0.871356
6.25,0.700593
6.26,0.677208
6.27,0.572567
6.28,0.610129
6.29,0.687381
6.30,0.597560
6.32,0.625285
6.33,0.531645
6.34,0.543248
6.35,0.566295
6.36,0.489112
6.37,0.526464
6.39,0.490521
6.40,0.488983
6.41,0.458515
6.42,0.527133
6.43,0.487047
6.44,0.401708
6.46,0.447552
6.47,0.410755
6.48,0.363668
6.49,0.416079
6.50,0.347379
6.51,0.383726
6.52,0.386864
6.54,0.352701
6.55,0.335074
6.56,0.348164
6.57,0.343732
6.58,0.298419
6.59,0.361121
6.61,0.342984
6.62,0.273862
6.63,0.315261
6.64,0.271716
6.65,0.249508
6.66,0.257412
6.68,0.307894
6.69,0.529043
6.70,0.739279
6.71,1.208620
6.72,1.345728
6.73,1.228876
6.75,1.142376
6.76,1.095703
6.77,0.841727
6.78,1.203714
6.79,0.977305
6.80,1.046867
6.82,0.998428
6.83,0.878225
6.84,0.983192
6.85,0.728214
6.86,0.769452
6.87,0.725156
6.88,0.596628
6.90,0.638605
6.91,0.624796
6.92,0.572888
6.93,0.590324
6.94,0.540012
6.95,0.497322
6.97,0.436128
6.98,0.404056
6.99,0.532511
7.00,0.442450
7.01,0.332487
7.02,0.428777
7.04,0.400993
7.05,0.503869
7.06,0.380802
7.07,0.285269
7.08,0.299924
7.09,0.355351
7.11,0.390693
7.12,0.351298
7.13,0.194918
7.14,0.324786
7.15,0.400384
7.16,0.430632
7.17,0.309296
7.19,0.181931
7.20,0.268029
7.21,0.352811
7.22,0.400688
7.23,0.319915
7.24,0.167616
7.26,0.307980
7.27,0.378310
7.28,0.393318
7.29,0.250842
7.30,0.184949
7.31,0.245111
7.33,0.299190
7.34,0.277019
7.35,0.257470
7.36,0.216082
7.37,0.261557
7.38,0.313118
7.40,0.304525
7.41,0.241978
7.42,0.258520
7.43,0.298923
7.44,0.313161
7.45,0.402028
7.47,0.407145
7.48,0.380522
7.49,0.420162
7.50,0.450307
7.51,0.431934
7.52,0.406194
7.53,0.368484
7.55,0.445346
7.56,0.398030
7.57,0.349510
7.58,0.423751
7.59,0.447057
7.60,0.360803
7.62,0.407789
7.63,0.495931
7.64,0.461754
7.65,0.449627
7.66,0.409300
7.67,0.452894
7.69,0.506822
7.70,0.488884
7.71,0.347248
7.72,0.451947
7.73,0.492545
7.74,0.563314
7.76,0.476898
7.77,0.408753
7.78,0.433258
7.79,0.460731
7.80,0.321732
7.81,0.321276
7.83,0.270423
7.84,0.249125
7.85,0.221915
7.86,0.264563
7.87,0.218878
7.88,0.196938
7.89,0.191567
7.91,0.239604
7.92,0.241470
7.93,0.194132
7.94,0.204393
7.95,0.174247
7.96,0.152848
7.98,0.191253
7.99,0.218917
8.00,0.196440
8.01,0.142648
8.02,0.150309
8.03,0.174571
8.05,0.219492
8.06,0.154221
8.07,0.131024
8.08,0.114430
8.09,0.143269
8.10,0.229270
8.12,0.164359
8.13,0.142313
8.14,0.126810
8.15,0.151298
8.16,0.218923
8.17,0.149609
8.19,0.116963
8.20,0.133410
8.21,0.126907
8.22,0.220297
8.23,0.171868
8.24,0.150760
8.25,0.098169
8.27,0.139054
8.28,0.208737
8.29,0.155156
8.30,0.126460
8.31,0.110329
8.32,0.101215
8.34,0.184929
8.35,0.171924
8.36,0.144820
8.37,0.106719
8.38,0.106061
8.39,0.170413
8.41,0.176305
8.42,0.149560
8.43,0.105160
8.44,0.091251
8.45,0.148609
8.46,0.166976
8.48,0.199376
8.49,0.181466
8.50,0.171493
8.51,0.227957
8.52,0.271686
8.53,0.258193
8.54,0.166417
8.56,0.196758
8.57,0.260857
8.58,0.300651
8.59,0.334796
8.60,0.232885
8.61,0.250155
8.63,0.157390
8.64,0.319713
8.65,0.265663
8.66,0.253721
8.67,0.249212
8.68,0.361464
8.70,0.407564
8.71,0.268211
8.72,0.267880
8.73,0.240190
8.74,0.237438
8.75,0.278451
8.77,0.264301
8.78,0.229947
8.79,0.206463
8.80,0.238985
8.81,0.272138
8.82,0.216298
8.84,0.208717
8.85,0.223917
8.86,0.196832
8.87,0.228796
8.88,0.229902
8.89,0.249664
8.90,0.218601
8.92,0.204966
8.93,0.273445
8.94,0.216394
8.95,0.232427
8.96,0.202946
8.97,0.195827
8.99,0.207906
9.00,0.214234
9.01,0.223708
9.02,0.213514
9.03,0.199205
9.04,0.201431
9.06,0.209104
9.07,0.182200
9.08,0.173757
9.09,0.155594
9.10,0.174962
9.11,0.160473
9.13,0.135678
9.14,0.166101
9.15,0.137479
9.16,0.149308
9.17,0.134878
9.18,0.148422
9.20,0.125148
9.21,0.111206
9.22,0.113776
9.23,0.113008
9.24,0.097096
9.25,0.097093
9.26,0.115908
9.28,0.087327
9.29,0.115882
9.30,0.127184
9.31,0.110815
9.32,0.090662
9.33,0.100851
9.35,0.101338
9.36,0.082176
9.37,0.057828
9.38,0.083651
9.39,0.074227
9.40,0.061957
9.42,0.061790
9.43,0.059951
9.44,0.054156
9.45,0.051826
9.46,0.056333
9.47,0.040945
9.49,0.039569
9.50,0.048980
9.51,0.048921
9.52,0.038664
9.53,0.039246
9.54,0.050928
9.56,0.052247
9.57,0.054465
9.58,0.070775
9.59,0.073441
9.60,0.057464
9.61,0.062530
9.62,0.060896
9.64,0.053733
9.65,0.048893
9.66,0.054573
9.67,0.049182
9.68,0.034815
9.69,0.041180
9.71,0.048539
9.72,0.041883
9.73,0.037173
9.74,0.042409
9.75,0.052414
9.76,0.044328
9.78,0.040725
9.79,0.043710
9.80,0.046143
9.81,0.037528
9.82,0.118559
9.83,0.167002
9.85,0.197064
9.86,0.437450
9.87,0.693931
9.88,0.609104
9.89,0.767497
9.90,0.580785
9.91,0.991197
9.93,0.638197
9.94,1.056838
9.95,0.846224
9.96,0.493306
9.97,0.498276
9.98,0.510983
10.00,0.677528
10.01,0.653181
10.02,0.420441
10.03,0.669905
10.04,0.669905
10.05,0.463876
10.07,0.446146
10.08,0.424124
10.09,0.532237
10.10,0.630029
10.11,0.442018
10.12,0.543696
10.14,0.489190
10.15,0.448263
10.16,0.656646
10.17,0.430982
10.18,0.685697
10.19,0.595610
10.21,0.372940
10.22,0.400982
10.23,0.424195
10.24,0.533909
10.25,0.565964
10.26,0.404184
10.27,0.540623
10.29,0.536317
10.30,0.413192
10.31,0.367268
10.32,0.367455
10.33,0.392990
10.34,0.574721
10.36,0.390571
10.37,0.521027
10.38,0.461360
10.39,0.365253
10.40,0.535861
10.41,0.421888
10.43,0.555402
10.44,0.521830
10.45,0.326654
10.46,0.367180
10.47,0.368437
10.48,0.429711
10.50,0.403313
10.51,0.302428
10.52,0.363498
10.53,0.380252
10.54,0.389189
10.55,0.286871
10.57,0.320288
10.58,0.301448
10.59,0.360151
10.60,0.300176
10.61,0.294078
10.62,0.313201
10.63,0.255201
10.65,0.275154
10.66,0.182545
10.67,0.271486
10.68,0.239349
10.69,0.140229
10.70,0.147817
10.72,0.150242
10.73,0.206056
10.74,0.175073
10.75,0.145568
10.76,0.126260
10.77,0.112780
10.79,0.140483
10.80,0.132961
10.81,0.151066
10.82,0.305201
10.83,0.346097
10.84,0.570118
10.86,0.618150
10.87,0.613560
10.88,0.754201
10.89,0.522580
10.90,0.460415
10.91,0.557485
10.92,0.338457
10.94,0.370185
10.95,0.427418
10.96,0.609054
10.97,0.643075
10.98,0.517760
10.99,0.497177
11.01,0.608607
11.02,0.483893
11.03,0.658181
11.04,0.594745
11.05,0.700268
11.06,0.585489
11.08,0.718000
11.09,0.548189
11.10,0.624232
11.11,0.507060
11.12,0.566100
11.13,0.543061
11.15,0.542149
11.16,0.730287
11.17,0.540151
11.18,0.478560
11.19,0.498690
11.20,0.650174
11.22,0.475361
11.23,0.477311
11.24,0.474694
11.25,0.509578
11.26,0.562747
11.27,0.526706
11.28,0.571023
11.30,0.415232
11.31,0.481601
11.32,0.476434
11.33,0.561495
11.34,0.467650
11.35,0.482884
11.37,0.524148
11.38,0.517924
11.39,0.602432
11.40,0.483787
11.41,0.456567
11.42,0.369393
11.44,0.523880
11.45,0.362572
11.46,0.459274
11.47,0.324336
11.48,0.411456
11.49,0.386546
11.51,0.359241
11.52,0.560593
11.53,0.388581
11.54,0.401691
11.55,0.344151
11.56,0.484127
11.58,0.371049
11.59,0.430856
11.60,0.328142
11.61,0.439789
11.62,0.390210
11.63,0.384476
11.64,0.415083
11.66,0.330030
11.67,0.310997
11.68,0.253323
11.69,0.295395
11.70,0.263072
11.71,0.271623
11.73,0.263004
11.74,0.301369
11.75,0.263111
11.76,0.260699
11.77,0.200275
11.78,0.173511
11.80,0.205053
11.81,0.180489
11.82,0.213746
11.83,0.227018
11.84,0.266837
11.85,0.231602
11.87,0.232965
11.88,0.230759
11.89,0.267733
11.90,0.200899
11.91,0.158594
11.92,0.174045
11.94,0.230098
11.95,0.621384
11.96,0.658222
11.97,0.594253
11.98,0.605089
11.99,0.672830
12.00,0.630171
12.02,0.664760
12.03,0.707908
12.04,0.669324
12.05,0.651852
12.06,0.621009
12.07,0.509044
12.09,0.480084
12.10,0.524728
12.11,0.552644
12.12,0.500001
12.13,0.500532
12.14,0.521246
12.16,0.550374
12.17,0.519555
12.18,0.543287
12.19,0.515977
12.20,0.526709
12.21,0.542578
12.23,0.591162
12.24,0.612384
12.25,0.519279
12.26,0.502553
12.27,0.411701
12.28,0.416628
12.29,0.404271
12.31,0.392519
12.32,0.347332
12.33,0.350927
12.34,0.310745
12.35,0.285719
12.36,0.267370
12.38,0.271636
12.39,0.231688
12.40,0.183609
12.41,0.131198
12.42,0.133427
12.43,0.108532
12.45,0.104331
12.46,0.092202
12.47,0.088863
12.48,0.071561
12.49,0.062684
12.50,0.058706
12.52,0.053823
12.53,0.046930
12.54,0.054031
12.55,0.155055
12.56,0.158513
12.57,0.104889
12.59,0.080278
12.60,0.066909
12.61,0.056558
12.62,0.053113
12.63,0.048997
12.64,0.039165
12.65,0.041297
12.67,0.047602
12.68,0.043751
12.69,0.036302
12.70,0.033019
12.71,0.034951
12.72,0.029667
12.74,0.022249
12.75,0.025325
12.76,0.025610
12.77,0.025051
12.78,0.022303
12.79,0.019660
12.81,0.016293
12.82,0.118463
12.83,0.182998
12.84,0.187119
12.85,0.160065
12.86,0.139405
12.88,0.113858
12.89,0.090023
12.90,0.082694
12.91,0.072566
12.92,0.062199
12.93,0.054486
12.95,0.050470
12.96,0.044322
12.97,0.035356
12.98,0.030535
12.99,0.026509
13.00,0.025191
13.01,0.024993
13.03,0.021657
13.04,0.017867
13.05,0.020691
13.06,0.021985
13.07,0.018716
13.08,0.018587
13.10,0.134787
13.11,0.370768
13.12,0.377699
13.13,0.413285
13.14,0.368286
13.15,0.383653
13.17,0.365326
13.18,0.331093
13.19,0.304077
13.20,0.284016
13.21,0.295888
13.22,0.268442
13.24,0.268968
13.25,0.247999
13.26,0.240716
13.27,0.246044
13.28,0.252263
13.29,0.280088
13.31,0.318911
13.32,0.313805
13.33,0.286431
13.34,0.247774
13.35,0.214453
13.36,0.205774
13.37,0.216373
13.39,0.369636
13.40,0.722220
13.41,0.527987
13.42,0.899874
13.43,0.557028
13.44,0.865020
13.46,0.566959
13.47,0.500298
13.48,0.418782
13.49,0.459534
13.50,0.599090
13.51,0.387977
13.53,0.430258
13.54,0.450710
13.55,0.402939
13.56,0.441169
13.57,0.300017
13.58,0.435427
13.60,0.622480
13.61,0.558388
13.62,0.603301
13.63,0.639029
13.64,0.580911
13.65,0.619396
13.66,0.611553
13.68,0.570560
13.69,0.556624
13.70,0.526818
13.71,0.389932
13.72,0.365847
13.73,0.344111
13.75,0.364879
13.76,0.303884
13.77,0.278591
13.78,0.306349
13.79,0.241169
13.80,0.242783
13.82,0.187167
13.83,0.176840
13.84,0.122252
13.85,0.095362
13.86,0.092686
13.87,0.092076
13.89,0.087581
13.90,0.073677
13.91,0.074179
13.92,0.059868
13.93,0.056648
13.94,0.047536
13.96,0.046583
13.97,0.252666
13.98,0.656532
13.99,1.078186
14.00,1.236213
14.01,1.438732
14.02,1.392767
14.04,1.445812
14.05,1.159273
14.06,1.124587
14.07,1.109297
14.08,1.110794
14.09,1.269186
14.11,1.180123
14.12,1.041975
14.13,1.018480
14.14,1.240537
14.15,1.033572
14.16,1.096780
14.18,0.984303
14.19,0.927953
14.20,1.095569
14.21,1.045231
14.22,1.080197
14.23,0.842124
14.25,0.914737
14.26,1.073922
14.27,0.905063
14.28,0.978247
14.29,0.874712
14.30,0.793451
14.32,0.949925
14.33,0.904170
14.34,0.941302
14.35,0.750502
14.36,0.683125
14.37,0.856600
14.38,0.735801
14.40,0.790085
14.41,0.612952
14.42,0.626108
14.43,0.639818
14.44,0.572579
14.45,0.639952
14.47,0.455774
14.48,0.441188
14.49,0.454191
14.50,0.442262
14.51,0.410439
14.52,0.340367
14.54,0.384165
14.55,0.365732
14.56,0.276488
14.57,0.280823
14.58,0.297112
14.59,0.313214
14.61,0.313653
14.62,0.272625
14.63,0.249858
14.64,0.245516
14.65,0.233074
14.66,0.237306
14.68,0.189022
14.69,0.178563
14.70,0.194882
14.71,0.148455
14.72,0.139055
14.73,0.112847
14.74,0.104868
14.76,0.107316
14.77,0.095383
14.78,0.086618
14.79,0.069793
14.80,0.072994
14.81,0.080369
14.83,0.079976
14.84,0.077734
14.85,0.081822
14.86,0.089069
14.87,0.109348
14.88,0.101439
14.90,0.078934
14.91,0.071409
14.92,0.065359
14.93,0.064280
14.94,0.071804
14.95,0.064328
14.97,0.057681
14.98,0.045471
14.99,0.053947
15.00,0.052463
15.01,0.035109
15.02,0.053040
15.03,0.047204
15.05,0.042525
15.06,0.035590
15.07,0.034400
15.08,0.033005
15.09,0.039047
15.10,0.033517
15.12,0.051014
15.13,0.270150
15.14,0.515143
15.15,0.634986
15.16,0.770528
15.17,0.937271
15.19,0.852178
15.20,0.874397
15.21,0.749121
15.22,0.615665
15.23,0.677265
15.24,0.684606
15.26,0.704290
15.27,0.634265
15.28,0.615460
15.29,0.589918
15.30,0.555517
15.31,0.600532
15.33,0.659757
15.34,0.689204
15.35,0.556355
15.36,0.561221
15.37,0.521752
15.38,0.514321
15.39,0.443532
15.41,0.450529
15.42,0.493177
15.43,0.455384
15.44,0.422241
15.45,0.331617
15.46,0.359488
15.48,0.310004
15.49,0.321792
15.50,0.294196
15.51,0.291604
15.52,0.300801
15.53,0.297690
15.55,0.299398
15.56,0.275495
15.57,0.310772
15.58,0.251624
15.59,0.271204
15.60,0.249571
15.62,0.349353
15.63,0.520765
15.64,0.496264
15.65,0.458587
15.66,0.683295
15.67,0.757479
15.69,0.667565
15.70,0.735659
15.71,1.112015
15.72,0.904908
15.73,1.103878
15.74,1.248376
15.75,1.120732
15.77,1.219810
15.78,0.948259
15.79,1.153891
15.80,0.920780
15.81,0.900105
15.82,0.931221
15.84,0.847754
15.85,0.978527
15.86,0.830956
15.87,1.326836
15.88,1.047423
15.89,1.000866
15.91,0.876807
15.92,0.790530
15.93,0.851132
15.94,0.763454
15.95,1.071671
15.96,0.960246
15.98,0.857408
15.99,0.782514
16.00,0.697042
16.01,0.691753
16.02,0.618068
16.03,0.992100
16.04,0.990298
16.06,0.917371
16.07,0.757911
16.08,0.646468
16.09,0.644449
16.10,0.618904
16.11,0.836505
16.13,0.833300
16.14,0.696184
16.15,0.649273
16.16,0.581240
16.17,0.605886
16.18,0.581632
16.20,0.847803
16.21,0.826160
16.22,0.635616
16.23,0.614570
16.24,0.571659
16.25,0.578155
16.27,0.561991
16.28,0.870327
16.29,0.829930
16.30,0.745342
16.31,0.661635
16.32,0.561952
16.34,0.514833
16.35,0.471705
16.36,0.663405
16.37,0.624959
16.38,0.583061
16.39,0.537428
16.40,0.430206
16.42,0.482893
16.43,0.405095
16.44,0.588473
16.45,0.583867
16.46,0.555195
16.47,0.470657
16.49,0.456173
16.50,0.357946
16.51,0.341617
16.52,0.491172
16.53,0.433761
16.54,0.350661
16.56,0.415315
16.57,0.228573
16.58,0.190547
16.59,0.203077
16.60,0.267966
16.61,0.465037
16.63,0.346765
16.64,0.430219
16.65,0.437980
16.66,0.356369
16.67,0.142642
16.68,0.151230
16.70,0.140474
16.71,0.130955
16.72,0.138559
16.73,0.286122
16.74,0.268825
16.75,0.269144
16.76,0.304927
16.78,0.230106
16.79,0.165053
16.80,0.179534
16.81,0.149801
16.82,0.082613
16.83,0.121514
16.85,0.109501
16.86,0.068213
16.87,0.158450
16.88,0.163293
16.89,0.140748
16.90,0.106014
16.92,0.107157
16.93,0.120136
16.94,0.449658
16.95,0.678573
16.96,0.624957
16.97,1.082557
16.99,0.810957
17.00,0.942642
17.01,0.580598
17.02,0.916446
17.03,0.863721
17.04,0.693204
17.06,0.925401
17.07,0.594438
17.08,0.727644
17.09,0.665114
17.10,0.771501
17.11,0.791619
17.12,0.723036
17.14,0.865424
17.15,0.664465
17.16,0.834738
17.17,0.755720
17.18,0.779080
17.19,0.786324
17.21,0.727178
17.22,0.823134
17.23,0.737756
17.24,0.770655
17.25,0.615294
17.26,0.788251
17.28,0.673731
17.29,0.692394
17.30,0.815937
17.31,0.695036
17.32,0.715316
17.33,0.529040
17.35,0.638192
17.36,0.452233
17.37,0.396387
17.38,0.432516
17.39,0.479334
17.40,0.412238
17.41,0.366581
17.43,0.248316
17.44,0.143625
17.45,0.175842
17.46,0.111395
17.47,0.103066
17.48,0.099439
17.50,0.125029
17.51,0.104554
17.52,0.093213
17.53,0.074530
17.54,0.070256
17.55,0.074649
17.57,0.160569
17.58,0.235599
17.59,0.387239
17.60,0.453308
17.61,0.753524
17.62,0.887070
17.64,0.694171
17.65,0.959767
17.66,0.856464
17.67,1.030255
17.68,0.541640
17.69,0.621523
17.71,0.667254
17.72,0.593101
17.73,0.526096
17.74,0.556127
17.75,0.479861
17.76,0.516668
17.77,0.449473
17.79,0.540528
17.80,0.426325
17.81,0.532505
17.82,0.493184
17.83,0.434037
17.84,0.506658
17.86,0.338254
17.87,0.379612
17.88,0.330054
17.89,0.414406
17.90,0.378423
17.91,0.416985
17.93,0.342160
17.94,0.386174
17.95,0.258809
17.96,0.291828
17.97,0.294202
17.98,0.239803
18.00,0.221223
18.01,0.229702
18.02,0.135908
18.03,0.091152
18.04,0.128617
18.05,0.112292
18.07,0.102271
18.08,0.064346
18.09,0.078320
18.10,0.073731
18.11,0.121604
18.12,0.141704
18.13,0.140451
18.15,0.078196
18.16,0.069608
18.17,0.096381
18.18,0.171998
18.19,0.211799
18.20,0.160523
18.22,0.174268
18.23,0.145446
18.24,0.163587
18.25,0.212259
18.26,0.142824
18.27,0.194775
18.29,0.223152
18.30,0.210164
18.31,0.232672
18.32,0.208007
18.33,0.188601
18.34,0.180357
18.36,0.222732
18.37,0.168997
18.38,0.206342
18.39,0.144262
18.40,0.181954
18.41,0.188781
18.43,0.130441
18.44,0.106688
18.45,0.097264
18.46,0.106646
18.47,0.095650
18.48,0.107618
18.49,0.126173
18.51,0.152515
18.52,0.144025
18.53,0.125199
18.54,0.110937
18.55,0.080855
18.56,0.088771
18.58,0.096652
18.59,0.081026
18.60,0.042729
18.61,0.030393
18.62,0.050128
18.63,0.106155
18.65,0.339755
18.66,0.502438
18.67,0.652723
18.68,0.646788
18.69,0.660830
18.70,0.651729
18.72,0.548666
18.73,0.550229
18.74,0.661865
18.75,0.575034
18.76,0.574818
18.77,0.538013
18.78,0.591377
18.80,0.543458
18.81,0.543513
18.82,0.489396
18.83,0.520249
18.84,0.496141
18.85,0.530813
18.87,0.525893
18.88,0.509822
18.89,0.507086
18.90,0.515370
18.91,0.548070
18.92,0.567820
18.94,0.558803
18.95,0.561383
18.96,0.527165
18.97,0.491185
18.98,0.480549
18.99,0.468168
19.01,0.402059
19.02,0.409823
19.03,0.360247
19.04,0.274185
19.05,0.266181
19.06,0.189285
19.08,0.147435
19.09,0.119841
19.10,0.086854
19.11,0.060694
19.12,0.047425
19.13,0.052101
19.14,0.048885
19.16,0.035544
19.17,0.018612
19.18,0.015036
19.19,0.014649
19.20,0.014467
19.21,0.031391
19.23,0.113664
19.24,0.123532
19.25,0.064132
19.26,0.054632
19.27,0.046289
19.28,0.045960
19.30,0.085283
19.31,0.421932
19.32,0.618455
19.33,0.801552
19.34,0.689566
19.35,1.077634
19.37,1.008639
19.38,1.550408
19.39,0.923144
19.40,1.611380
19.41,0.823129
19.42,0.777006
19.44,0.728856
19.45,1.116029
19.46,1.134836
19.47,1.393104
19.48,1.153746
19.49,1.225283
19.50,0.785359
19.52,1.013539
19.53,1.040736
19.54,0.972492
19.55,0.626523
19.56,0.694524
19.57,0.763654
19.59,1.394567
19.60,0.759512
19.61,1.586210
19.62,0.986556
19.63,0.957909
19.64,0.723663
19.66,0.578844
19.67,0.848249
19.68,0.499397
19.69,0.586491
19.70,0.699075
19.71,0.837079
19.73,0.518687
19.74,1.022686
19.75,0.979231
19.76,0.755396
19.77,0.926975
19.78,0.611694
19.80,0.629289
19.81,0.501842
19.82,0.434729
19.83,0.717424
19.84,0.648346
19.85,0.453618
19.86,1.140698
19.88,1.498112
19.89,1.144153
19.90,1.447493
19.91,1.276216
19.92,1.232771
19.93,1.180986
19.95,1.173507
19.96,1.147414
19.97,1.136970
19.98,1.239377
19.99,1.238969
20.00,1.024805
20.02,1.027741
20.03,1.088338
20.04,0.946039
20.05,0.920327
20.06,0.927498
20.07,0.749404
20.09,0.759087
20.10,0.866752
20.11,0.635373
20.12,0.697474
20.13,0.772933
20.14,0.590108
20.15,0.604264
20.17,0.625091
20.18,0.502666
20.19,0.502420
20.20,0.511923
20.21,0.472783
20.22,0.517897
20.24,0.472539
20.25,0.476138
20.26,0.576510
20.27,0.493366
20.28,0.453077
20.29,0.617915
20.31,0.518496
20.32,0.419687
20.33,0.605942
20.34,0.546824
20.35,0.401220
20.36,0.555573
20.38,0.590467
20.39,0.433336
20.40,0.613442
20.41,0.695666
20.42,0.443153
20.43,0.611892
20.45,0.729200
20.46,0.473015
20.47,0.698233
20.48,0.760515
20.49,0.598259
20.50,0.904010
20.51,0.755673
20.53,0.571846
20.54,0.643949
20.55,0.382446
20.56,0.343376
20.57,0.280761
20.58,0.271544
20.60,0.252772
20.61,0.255060
20.62,0.250892
20.63,0.217845
20.64,0.195885
20.65,0.172076
20.67,0.147623
20.68,0.132123
20.69,0.121385
20.70,0.094420
20.71,0.074943
20.72,0.069240
20.74,0.056170
20.75,0.048637
20.76,0.052003
20.77,0.049276
20.78,0.034426
20.79,0.035558
20.81,0.038830
20.82,0.034406
20.83,0.030724
20.84,0.036572
20.85,0.033647
20.86,0.031688
20.87,0.025242
20.89,0.030782
20.90,0.155309
20.91,0.481798
20.92,0.670024
20.93,0.491099
20.94,0.771517
20.96,1.307510
20.97,1.055678
20.98,0.850261
20.99,0.867651
21.00,0.884837
21.01,0.790195
21.03,0.790927
21.04,0.728678
21.05,0.665109
21.06,0.714895
21.07,0.675954
21.08,0.996499
21.10,0.670022
21.11,0.949537
21.12,0.829771
21.13,0.777286
21.14,0.818800
21.15,0.761689
21.16,0.805550
21.18,0.610259
21.19,0.636579
21.20,0.772551
21.21,0.601869
21.22,0.754730
21.23,0.834191
21.25,0.791018
21.26,0.600303
21.27,0.762012
21.28,0.887894
21.29,0.788775
21.30,0.852352
21.32,1.171155
21.33,1.075333
21.34,1.192807
21.35,1.139304
21.36,1.257022
21.37,0.921632
21.39,0.942114
21.40,1.066279
21.41,0.902393
21.42,0.813190
21.43,0.845836
21.44,1.031505
21.46,0.715275
21.47,0.777748
21.48,0.913921
21.49,0.802533
21.50,0.738873
21.51,0.786859
21.52,0.928859
21.54,0.647575
21.55,0.671791
21.56,0.782951
21.57,0.724746
21.58,0.750021
21.59,0.883195
21.61,0.980940
21.62,0.870267
21.63,0.999596
21.64,1.133867
21.65,1.037436
21.66,1.156315
21.68,1.115767
21.69,1.124064
21.70,0.955382
21.71,0.896849
21.72,0.864874
21.73,0.824012
21.75,0.794079
21.76,0.760390
21.77,0.744318
21.78,0.670502
21.79,0.666534
21.80,0.629402
21.82,0.615894
21.83,0.685787
21.84,0.621337
21.85,0.578733
21.86,0.577576
21.87,0.481740
21.88,0.472195
21.90,0.459824
21.91,0.469580
21.92,0.429275
21.93,0.398234
21.94,0.389390
21.95,0.340792
21.97,0.347602
21.98,0.332781
21.99,0.308280
22.00,0.323592
22.01,0.288196
22.02,0.272734
22.04,0.263010
22.05,0.256586
22.06,0.216589
22.07,0.209612
22.08,0.216768
22.09,0.190259
22.11,0.201704
22.12,0.194011
22.13,0.391108
22.14,0.481084
22.15,0.490868
22.16,0.530774
22.18,0.525758
22.19,0.495741
22.20,0.416670
22.21,0.436738
22.22,0.400811
22.23,0.340962
22.24,0.375373
22.26,0.333886
22.27,0.339578
22.28,0.287932
22.29,0.268491
22.30,0.239326
22.31,0.219620
22.33,0.212965
22.34,0.173049
22.35,0.194621
22.36,0.165698
22.37,0.131465
22.38,0.143850
22.40,0.121385
22.41,0.107954
22.42,0.107503
22.43,0.108465
22.44,0.095627
22.45,0.086964
22.47,0.092620
22.48,0.085715
22.49,0.095039
22.50,0.090502
22.51,0.085970
22.52,0.085529
22.53,0.079483
22.55,0.069568
22.56,0.073339
22.57,0.073906
22.58,0.061211
22.59,0.064916
22.60,0.063261
22.62,0.052176
22.63,0.054449
22.64,0.052497
22.65,0.048478
22.66,0.049003
22.67,0.046792
22.69,0.046618
22.70,0.041424
22.71,0.042975
22.72,0.044669
22.73,0.048417
22.74,0.062422
22.76,0.066285
22.77,0.062557
22.78,0.070942
22.79,0.070325
22.80,0.138762
22.81,0.754715
22.83,0.896565
22.84,0.769217
22.85,0.851576
22.86,0.708445
22.87,0.662471
22.88,0.548853
22.89,0.550914
22.91,0.542459
22.92,0.562782
22.93,0.537943
22.94,0.537920
22.95,0.541352
22.96,0.518705
22.98,0.500290
22.99,0.522905
23.00,0.527652
23.01,0.697168
23.02,0.655752
23.03,0.621039
23.05,0.577692
23.06,0.576583
23.07,0.540829
23.08,0.522247
23.09,0.541835
23.10,0.535587
23.12,0.556350
23.13,0.536660
23.14,0.570875
23.15,0.540227
23.16,0.556197
23.17,0.527977
23.19,0.536667
23.20,0.518120
23.21,0.499976
23.22,0.488606
23.23,0.509313
23.24,0.488645
23.25,0.495518
23.27,0.467029
23.28,0.565419
23.29,0.570644
23.30,0.553561
23.31,0.510835
23.32,0.452868
23.34,0.479601
23.35,0.471163
23.36,0.456419
23.37,0.464217
23.38,0.439648
23.39,0.439046
23.41,0.451320
23.42,0.454080
23.43,0.442232
23.44,0.434009
23.45,0.446717
23.46,0.440388
23.48,0.415373
23.49,0.388375
23.50,0.391106
23.51,0.381931
23.52,0.405910
23.53,0.361232
23.55,0.344387
23.56,0.329287
23.57,0.412873
23.58,0.143455
23.59,0.138544
23.60,0.100257
23.61,0.089270
23.63,0.087764
23.64,0.092901
23.65,0.086044
23.66,0.068196
23.67,0.063528
23.68,0.059720
23.70,0.050678
23.71,0.044156
23.72,0.043854
23.73,0.040007
23.74,0.042621
23.75,0.036625
23.77,0.036463
23.78,0.033963
23.79,0.034173
23.80,0.030335
23.81,0.030162
23.82,0.025533
23.84,0.027109
23.85,0.025163
23.86,0.021096
23.87,0.023090
23.88,0.021547
23.89,0.024148
23.90,0.042486
23.92,0.282541
23.93,0.234332
23.94,0.223198
23.95,0.426166
23.96,0.800768
23.97,0.717489
23.99,0.700954
24.00,0.556684
24.01,0.914440
24.02,0.646642
24.03,0.675605
24.04,0.958235
24.06,0.623973
24.07,0.624066
24.08,0.702606
24.09,0.893837
24.10,0.674105
24.11,0.835748
24.13,1.175046
24.14,1.025209
24.15,1.169438
24.16,1.260637
24.17,1.815803
24.18,1.283462
24.20,1.593149
24.21,1.769755
24.22,1.543010
24.23,1.451289
24.24,1.274339
24.25,1.387259
24.26,1.238563
24.28,1.422309
24.29,1.210845
24.30,1.085020
24.31,1.202479
24.32,1.261303
24.33,1.423975
24.35,1.405580
24.36,1.517838
24.37,1.498390
24.38,1.472753
24.39,1.212947
24.40,1.075819
24.42,1.369693
24.43,1.012560
24.44,1.002955
24.45,0.973771
24.46,0.909179
24.47,0.779622
24.49,0.927908
24.50,0.914083
24.51,0.527544
24.52,0.717866
24.53,0.703661
24.54,0.557693
24.56,0.576663
24.57,0.587136
24.58,0.552378
24.59,0.472748
24.60,0.458283
24.61,0.564450
24.62,0.450801
24.64,0.307401
24.65,0.419399
24.66,0.422991
24.67,0.372338
24.68,0.352839
24.69,0.411489
24.71,0.396075
24.72,0.283543
24.73,0.342806
24.74,0.363267
24.75,0.294680
24.76,0.361150
24.78,0.433792
24.79,0.342882
24.80,0.280060
24.81,0.286771
24.82,0.332321
24.83,0.263364
24.85,0.238564
24.86,0.264296
24.87,0.265297
24.88,0.219815
24.89,0.209593
24.90,0.217668
24.92,0.190722
24.93,0.162332
24.94,0.191138
24.95,0.169680
24.96,0.153108
24.97,0.187756
24.98,0.190904
25.00,0.159672
25.01,0.177249
25.02,0.242357
25.03,0.376050
25.04,0.399717
25.05,0.430288
25.07,0.499651
25.08,0.469695
25.09,0.467352
25.10,0.507408
25.11,0.442387
25.12,0.378649
25.14,0.398423
25.15,0.441399
25.16,0.408848
25.17,0.378615
25.18,0.388438
25.19,0.321801
25.21,0.345037
25.22,0.341784
25.23,0.386638
25.24,0.323726
25.25,0.329385
25.26,0.340749
25.27,0.310289
25.29,0.319314
25.30,0.290630
25.31,0.262274
25.32,0.266845
25.33,0.251364
25.34,0.235289
25.36,0.198302
25.37,0.196344
25.38,0.193270
25.39,0.191488
25.40,0.180213
25.41,0.158553
25.43,0.161197
25.44,0.160610
25.45,0.164234
25.46,0.161884
25.47,0.145812
25.48,0.140194
25.50,0.131398
25.51,0.152628
25.52,0.144042
25.53,0.136159
25.54,0.148408
25.55,0.140545
25.57,0.400043
25.58,1.273725
25.59,1.128436
25.60,1.216665
25.61,1.257927
25.62,1.146268
25.63,0.974588
25.65,0.628828
25.66,0.746708
25.67,0.680846
25.68,0.695565
25.69,0.727370
25.70,0.683276
25.72,0.570503
25.73,0.592626
25.74,0.722774
25.75,0.673296
25.76,0.525836
25.77,0.536799
25.79,0.555888
25.80,0.607224
25.81,0.522739
25.82,0.652577
25.83,0.553189
25.84,0.450735
25.86,0.615445
25.87,0.560253
25.88,0.596595
25.89,0.487853
25.90,0.609347
25.91,0.629131
25.93,0.524095
25.94,0.598366
25.95,0.572108
25.96,0.569966
25.97,0.444175
25.98,0.504825
25.99,0.568407
26.01,0.451712
26.02,0.406286
26.03,0.479214
26.04,0.514087
26.05,0.389328
26.06,0.413141
26.08,0.444249
26.09,0.395732
26.10,0.351713
26.11,0.403889
26.12,0.456255
26.13,0.294426
26.15,0.303865
26.16,0.364907
26.17,0.286944
26.18,0.306503
26.19,0.449891
26.20,0.669997
26.22,1.005963
26.23,0.958421
26.24,0.989225
26.25,0.946587
26.26,0.830515
26.27,0.859034
26.28,0.911866
26.30,0.812532
26.31,0.688277
26.32,0.838053
26.33,0.645472
26.34,0.682055
26.35,0.680854
26.37,0.628972
26.38,0.661898
26.39,0.669246
26.40,0.780408
26.41,0.697323
26.42,0.643521
26.44,0.599388
26.45,0.732337
26.46,0.687235
26.47,0.600585
26.48,0.622517
26.49,0.666972
26.51,0.588256
26.52,0.759861
26.53,0.641194
26.54,0.743209
26.55,0.536601
26.56,0.589003
26.58,0.601261
26.59,0.512196
26.60,0.530539
26.61,0.566421
26.62,0.417278
26.63,0.456386
26.64,0.447387
26.66,0.511142
26.67,0.605633
26.68,0.662170
26.69,0.595567
26.70,0.570896
26.71,0.553285
26.73,0.524277
26.74,0.644891
26.75,0.595218
26.76,0.475880
26.77,0.535007
26.78,0.472373
26.80,0.445016
26.81,0.512699
26.82,0.417135
26.83,0.432608
26.84,0.434153
26.85,0.409540
26.87,0.425738
26.88,0.447626
26.89,0.404447
26.90,0.451941
26.91,0.368187
26.92,0.387131
26.94,0.285506
26.95,0.303690
26.96,0.299154
26.97,0.306230
26.98,0.265247
26.99,0.320289
27.00,0.311528
27.02,0.275046
27.03,0.232593
27.04,0.251296
27.05,0.239007
27.06,0.284686
27.07,0.265620
27.09,0.252267
27.10,0.236085
27.11,0.276340
27.12,0.249595
27.13,0.231776
27.14,0.238706
27.16,0.255043
27.17,0.223254
27.18,0.183295
27.19,0.180446
27.20,0.187240
27.21,0.162860
27.23,0.185918
27.24,0.203270
27.25,0.137044
27.26,0.133553
27.27,0.123831
27.28,0.147396
27.30,0.148223
27.31,0.235866
27.32,0.218044
27.33,0.551410
27.34,0.528934
27.35,0.530026
27.36,0.538296
27.38,0.559705
27.39,0.586496
27.40,0.593213
27.41,0.495055
27.42,0.455644
27.43,0.518521
27.45,0.537911
27.46,0.815626
27.47,0.879571
27.48,0.966572
27.49,0.939398
27.50,0.790734
27.52,0.805340
27.53,0.845896
27.54,0.854659
27.55,0.770078
27.56,0.763673
27.57,0.663702
27.59,0.637992
27.60,0.621726
27.61,0.689980
27.62,0.607135
27.63,0.566991
27.64,0.545713
27.65,0.575033
27.67,0.557328
27.68,0.525961
27.69,0.478707
27.70,0.497323
27.71,0.389475
27.72,0.448473
27.74,0.454237
27.75,0.408619
27.76,0.471477
27.77,0.487047
27.78,0.841802
27.79,0.847525
27.81,0.872195
27.82,0.963626
27.83,1.461167
27.84,1.209197
27.85,0.959219
27.86,1.231457
27.88,1.050372
27.89,1.308107
27.90,1.184226
27.91,1.283811
27.92,1.020760
27.93,0.944930
27.95,1.386262
27.96,1.231581
27.97,1.114517
27.98,0.906317
27.99,1.058551
28.00,0.978600
28.01,1.027095
28.03,1.256420
28.04,0.982176
28.05,0.935920
28.06,0.921840
28.07,0.951800
28.08,0.900494
28.10,0.873749
28.11,0.836189
28.12,0.969423
28.13,0.890823
28.14,1.013721
28.15,0.914261
28.17,0.896034
28.18,0.864720
28.19,0.969439
28.20,1.128508
28.21,0.849461
28.22,0.871656
28.24,0.842854
28.25,0.874231
28.26,0.835953
28.27,1.004747
28.28,0.769040
28.29,0.816600
28.31,0.821511
28.32,0.963723
28.33,0.891956
28.34,0.705615
28.35,0.816326
28.36,0.606075
28.37,0.826341
28.39,0.751815
28.40,0.775225
28.41,0.714497
28.42,0.548961
28.43,0.903999
28.44,0.603140
28.46,0.777407
28.47,0.549631
28.48,0.498615
28.49,0.526227
28.50,0.504406
28.51,0.725048
28.53,0.378108
28.54,0.547080
28.55,0.333359
28.56,0.477793
28.57,0.532686
28.58,0.468293
28.60,0.530967
28.61,0.293100
28.62,0.459066
28.63,0.753352
28.64,0.922176
28.65,0.976262
28.67,0.877678
28.68,1.078014
28.69,1.134981
28.70,0.720855
28.71,0.712844
28.72,0.646413
28.73,0.760319
28.75,0.741832
28.76,0.769601
28.77,1.163342
28.78,1.214567
28.79,1.504843
28.80,1.254263
28.82,1.313561
28.83,0.911538
28.84,0.770918
28.85,0.905629
28.86,0.709678
28.87,0.844333
28.89,0.822241
28.90,0.943387
28.91,0.861671
28.92,0.990897
28.93,0.987474
28.94,0.746795
28.96,0.882711
28.97,0.770192
28.98,1.213721
28.99,0.964117
29.00,1.308504
29.01,1.054422
29.02,1.121168
29.04,1.097371
29.05,0.916102
29.06,0.893067
29.07,0.943354
29.08,0.794301
29.09,0.966099
29.11,0.753238
29.12,0.924777
29.13,0.986893
29.14,0.960332
29.15,0.776899
29.16,0.816160
29.18,0.764943
29.19,0.671522
29.20,0.648074
29.21,0.747112
29.22,0.736023
29.23,0.608858
29.25,0.927018
29.26,0.584636
29.27,0.662614
29.28,0.503378
29.29,0.554597
29.30,0.300099
29.32,0.322782
29.33,0.322194
29.34,0.329402
29.35,0.252074
29.36,0.308917
29.37,0.434848
29.38,0.249157
29.40,0.330890
29.41,0.218477
29.42,0.347031
29.43,0.258085
29.44,0.316062
29.45,0.260056
29.47,0.332512
29.48,0.389232
29.49,0.407437
29.50,0.310554
29.51,0.208720
29.52,0.260725
29.54,0.305604
29.55,0.260701
29.56,0.234777
29.57,0.331252
29.58,0.274655
29.59,0.287504
29.61,0.351178
29.62,0.265657
29.63,0.144744
29.64,0.194293
29.65,0.251329
29.66,0.303235
29.68,0.228432
29.69,0.234028
29.70,0.260796
29.71,0.232837
29.72,0.291429
29.73,0.253213
29.74,0.228372
29.76,0.192215
29.77,0.303219
29.78,0.269311
29.79,0.227043
29.80,0.248044
29.81,0.236860
29.83,0.229146
29.84,0.205457
29.85,0.272649
29.86,0.229761
29.87,0.245987
