0.14
1.92
3.42
4.80
5.46
6.21
6.93
7.67
9.05
10.51
11.91
13.34
16.18
17.59
18.35
19.08
19.80
20.48
23.34
24.06
24.80
26.19
27.63
28.37
29.06
30.18
30.51
31.94
33.35
34.15
34.75
36.19
39.91
40.50
41.55
42.50
43.35
44.44
44.97
46.61
47.67
49.09
49.86
50.49
51.25
52.04
53.39
54.78
55.47
56.21
56.83
57.64
59.07
60.52
61.94
63.43
64.83
66.23
66.92
67.66
68.39
69.07
70.55
71.96
73.37
74.09
74.84
76.23
77.66
79.07
80.54
81.91
83.34
84.07
84.79
86.23
86.72
87.62
88.33
88.69
89.09
89.82
90.53
91.21
91.91
93.34
94.77
95.49
96.21
97.64
99.07
100.51
101.21
101.93
102.61
103.36
104.07
104.79
105.90
106.22
106.76
107.63
109.05
110.51
111.95
112.64
113.35
114.79
116.23
117.64
118.35
119.07
120.52
121.40
121.96
124.79
126.26
127.03
127.63
129.05
129.86
130.46
131.98
132.91
133.37
135.49
136.19
136.63
137.63
139.05
139.78
141.91
143.33
144.98
145.50
147.61
147.99
148.34
149.05
150.60
151.14
151.94
152.28
153.42
154.06
154.54
155.47
156.28
156.75
157.15
157.67
158.33
158.68
159.14
159.75
160.49
160.86
161.22
161.90
162.29
162.74
163.32
164.05
164.42
164.85
165.32
166.20
166.57
167.72
168.15
168.57
169.06
169.46
170.09
170.49
170.83
171.29
171.61
171.94
173.39
173.88
174.40
174.75
176.30
176.70
177.02
177.64
178.36
179.11
179.72
180.47
181.18
181.90
182.25
184.76
186.66
190.46
191.89
193.30
194.04
194.71
195.79
196.15
197.57
198.26
198.69
199.07
199.73
200.48
201.24
201.91
203.29
204.39
205.45
206.15
207.26
207.63
209.00
210.13
210.50
211.17
211.87
212.95
213.31
214.71
216.18
216.90
217.58
218.31
218.67
219.04
220.43
221.57
221.91
222.59
223.29
224.03
224.75
226.15
227.25
227.59
228.32
229.02
229.77
230.44
231.86
232.97
233.32
233.64
234.03
234.72
235.42
235.77
236.17
237.60
238.68
239.03
239.77
240.45
241.18
241.53
241.88
243.30
244.75
245.09
245.45
246.17
247.62
249.01
250.11
250.43
251.19
251.87
252.95
253.31
254.73
255.84
256.17
256.92
257.60
258.66
259.04
260.45
261.92
262.62
263.30
264.77
266.17
267.29
267.63
268.33
269.03
270.45
271.20
271.87
272.63
273.30
273.64
273.99
274.69
276.21
