0.00,2.441539
0.01,2.667385
0.02,2.104650
0.03,1.252573
0.05,2.005469
0.06,1.734830
0.07,1.244428
0.08,0.879843
0.09,0.434548
0.10,0.455189
0.12,0.698210
0.13,0.849532
0.14,0.706301
0.15,1.094096
0.16,0.756387
0.17,1.028689
0.19,0.544367
0.20,0.639151
0.21,0.293317
0.22,0.246735
0.23,0.152507
0.24,0.170131
0.26,0.148431
0.27,0.231257
0.28,0.351149
0.29,0.393393
0.30,0.719207
0.31,0.662330
0.33,1.045865
0.34,0.855993
0.35,1.299347
0.36,0.948788
0.37,1.417794
0.38,0.922877
0.39,1.405773
0.41,0.850876
0.42,1.389548
0.43,0.892730
0.44,1.345232
0.45,0.897013
0.46,1.227997
0.48,0.884980
0.49,1.089765
0.50,0.686252
0.51,0.803568
0.52,0.502086
0.53,0.780245
0.55,0.496981
0.56,0.845550
0.57,0.634990
0.58,0.854578
0.59,0.716560
0.60,0.985301
0.62,0.801897
0.63,0.995797
0.64,0.763432
0.65,0.946676
0.66,0.654860
0.67,0.870043
0.68,0.567884
0.70,0.823648
0.71,0.479213
0.72,0.683256
0.73,0.386324
0.74,0.573752
0.75,0.347267
0.77,0.442799
0.78,0.205940
0.79,0.221622
0.80,0.066204
0.81,0.067097
0.82,0.564460
0.84,0.806060
0.85,1.246433
0.86,1.053990
0.87,1.317364
0.88,1.267039
0.89,1.299050
0.91,1.137693
0.92,1.263041
0.93,0.939570
0.94,1.206060
0.95,0.740424
0.96,1.140085
0.98,0.785820
0.99,1.051072
1.00,0.829851
1.01,0.806584
1.02,0.738376
1.03,0.518425
1.04,0.470709
1.06,0.220620
1.07,0.417379
1.08,2.664244
1.09,3.311313
1.10,2.846048
1.11,2.285369
1.13,2.104516
1.14,2.021494
1.15,1.992062
1.16,1.633709
1.17,1.277215
1.18,1.122833
1.20,0.946652
1.21,0.922104
1.22,0.793134
1.23,0.795495
1.24,0.731545
1.25,0.676389
1.27,0.707131
1.28,0.645256
1.29,0.528299
1.30,0.491361
1.31,0.409060
1.32,0.375855
1.34,0.307484
1.35,0.282890
1.36,0.248387
1.37,0.218258
1.38,0.289439
1.39,0.311371
1.40,0.333800
1.42,0.395297
1.43,0.355471
1.44,0.471093
1.45,0.368223
1.46,0.507946
1.47,0.354078
1.49,0.510574
1.50,0.325142
1.51,0.489019
1.52,0.306522
1.53,0.474178
1.54,0.306744
1.56,0.441373
1.57,0.305738
1.58,0.424748
1.59,0.267899
1.60,0.362662
1.61,0.207931
1.63,0.381153
1.64,0.323011
1.65,0.513247
1.66,0.434068
1.67,0.496745
1.68,0.465729
1.70,0.589998
1.71,0.504597
1.72,0.653946
1.73,0.516289
1.74,0.633778
1.75,0.431380
1.76,0.555374
1.78,0.355317
1.79,0.546515
1.80,0.315904
1.81,0.465352
1.82,0.270086
1.83,0.419848
1.85,0.265503
1.86,0.352605
1.87,0.169475
1.88,0.194490
1.89,0.081408
1.90,0.076277
1.92,0.599491
1.93,0.721212
1.94,1.217150
1.95,1.127477
1.96,1.270645
1.97,1.241034
1.99,1.243284
2.00,1.152779
2.01,1.313300
2.02,1.020446
2.03,1.185913
2.04,0.747200
2.05,1.009504
2.07,0.680349
2.08,1.007184
2.09,0.736845
2.10,0.833039
2.11,0.697673
2.12,0.617450
2.14,0.638474
2.15,0.472300
2.16,0.503791
2.17,1.727239
2.18,2.214833
2.19,2.433935
2.21,1.980425
2.22,1.290892
2.23,1.609808
2.24,1.480070
2.25,1.059331
2.26,0.791481
2.28,0.343823
2.29,0.471610
2.30,0.661115
2.31,0.745442
2.32,0.697372
2.33,0.987766
2.35,0.728454
2.36,0.925894
2.37,0.538551
2.38,0.595597
2.39,0.281981
2.40,0.228588
2.41,0.133224
2.43,0.125911
2.44,0.117295
2.45,0.183483
2.46,0.365706
2.47,0.417652
2.48,0.740091
2.50,0.649136
2.51,1.016570
2.52,0.798411
2.53,1.255497
2.54,0.901605
2.55,1.382133
2.57,0.889976
2.58,1.383062
2.59,0.887724
2.60,1.436716
2.61,0.936122
2.62,1.377305
2.64,0.944117
2.65,1.263834
2.66,0.968800
2.67,1.167552
2.68,0.804244
2.69,0.939366
2.71,0.598852
2.72,0.841208
2.73,0.532014
2.74,0.837722
2.75,0.586442
2.76,0.833851
2.77,0.662157
2.79,0.915927
2.80,0.712125
2.81,0.956055
2.82,0.695539
2.83,0.940725
2.84,0.598763
2.86,0.862903
2.87,0.515110
2.88,0.804403
2.89,0.462553
2.90,0.702757
2.91,0.437248
2.93,0.614465
2.94,0.407280
2.95,0.478985
2.96,0.231522
2.97,0.222635
2.98,0.118982
3.00,0.099151
3.01,0.484909
3.02,0.752888
3.03,1.168089
3.04,1.192419
3.05,1.268297
3.07,1.265930
3.08,1.332122
3.09,1.226453
3.10,1.367157
3.11,1.081487
3.12,1.275813
3.13,0.817780
3.15,1.146603
3.16,0.778713
3.17,1.097488
3.18,0.763764
3.19,0.821245
3.20,0.732306
3.22,0.601477
3.23,0.479088
3.24,0.239875
3.25,0.472265
3.26,2.640652
3.27,3.259157
3.29,2.955876
3.30,2.497643
3.31,2.087662
3.32,2.067714
3.33,1.741140
3.34,1.622319
3.36,1.259284
3.37,1.074476
3.38,0.941221
3.39,0.952666
3.40,0.860150
3.41,0.850879
3.42,0.854138
3.44,0.719345
3.45,0.754564
3.46,0.715993
3.47,0.543016
3.48,0.437289
3.49,0.352644
3.51,0.343722
3.52,0.284740
3.53,0.217531
3.54,0.264912
3.55,0.280169
3.56,0.312494
3.58,0.372096
3.59,0.343424
3.60,0.442197
3.61,0.355012
3.62,0.500742
3.63,0.362489
3.65,0.518108
3.66,0.337900
3.67,0.506424
3.68,0.323938
3.69,0.505468
3.70,0.316173
3.72,0.483323
3.73,0.330735
3.74,0.467620
3.75,0.349538
3.76,0.459127
3.77,0.292545
3.78,0.377994
3.80,0.220140
3.81,0.374160
3.82,0.311863
3.83,0.476882
3.84,0.420299
3.85,0.549416
3.87,0.532035
3.88,0.653867
3.89,0.581840
3.90,0.653627
3.91,0.550940
3.92,0.622730
3.94,0.444618
3.95,0.568821
3.96,0.373154
3.97,0.560935
3.98,0.334955
3.99,0.489797
4.01,0.283575
4.02,0.448377
4.03,0.274368
4.04,0.353414
4.05,0.153879
4.06,0.166839
4.08,0.067197
4.09,0.055468
4.10,0.592015
4.11,0.739175
4.12,1.212711
4.13,1.173842
4.14,1.320008
4.16,1.346622
4.17,1.279078
4.18,1.237657
4.19,1.270043
4.20,1.093243
4.21,1.218522
4.23,0.895772
4.24,1.064730
4.25,0.626148
4.26,0.974887
4.27,0.761889
4.28,0.879006
4.30,0.731072
4.31,0.645166
4.32,0.571403
4.33,0.383273
4.34,0.403208
4.35,1.868718
4.37,2.476258
4.38,2.286670
4.39,1.641515
4.40,1.263100
4.41,1.558463
4.42,1.510807
4.44,1.064581
4.45,0.831625
4.46,0.495333
4.47,0.507009
4.48,0.686677
4.49,0.887302
4.50,0.753667
4.52,1.154009
4.53,0.714884
4.54,0.991381
4.55,0.519355
4.56,0.617863
4.57,0.274002
4.59,0.222601
4.60,0.124110
4.61,0.160852
4.62,0.166440
4.63,0.268611
4.64,0.364138
4.66,0.410065
4.67,0.718846
4.68,0.666646
4.69,1.032234
4.70,0.856920
4.71,1.253151
4.73,0.923892
4.74,1.402549
4.75,0.932101
4.76,1.420790
4.77,0.859827
4.78,1.381228
4.79,0.902019
4.81,1.370842
4.82,0.916487
4.83,1.255001
4.84,0.871586
4.85,1.106955
4.86,0.692826
4.88,0.831427
4.89,0.513374
4.90,0.764238
4.91,0.472246
4.92,0.824988
4.93,0.645713
4.95,0.838021
4.96,0.755005
4.97,0.941862
4.98,0.849131
4.99,0.958783
5.00,0.833236
5.02,0.934380
5.03,0.723098
5.04,0.876177
5.05,0.625510
5.06,0.858239
5.07,0.540532
5.09,0.685371
5.10,0.382908
5.11,0.572107
5.12,0.303359
5.13,0.412226
5.14,0.174105
5.15,0.204762
5.17,0.067052
5.18,0.064742
5.19,0.563031
5.20,0.816011
5.21,1.240068
5.22,1.205460
5.24,1.291178
5.25,1.338884
5.26,1.264312
5.27,1.201661
5.28,1.277631
5.29,1.032991
5.31,1.221591
5.32,0.792318
5.33,1.111672
5.34,0.719480
5.35,1.009273
5.36,0.721276
5.38,0.808909
5.39,0.671155
5.40,0.587061
5.41,0.457543
5.42,0.317495
5.43,0.230437
5.45,2.629991
5.46,3.177591
5.47,2.843865
5.48,2.126826
5.49,1.990506
5.50,1.941656
5.51,1.942522
5.53,1.618523
5.54,1.297914
5.55,1.078565
5.56,0.911435
5.57,0.970400
5.58,0.780168
5.60,0.842786
5.61,0.791578
5.62,0.684257
5.63,0.733507
5.64,0.692355
5.65,0.553575
5.67,0.457537
5.68,0.374497
5.69,0.353023
5.70,0.306026
5.71,0.257837
5.72,0.229459
5.74,0.227605
5.75,0.273370
5.76,0.330010
5.77,0.320336
5.78,0.406562
5.79,0.319482
5.80,0.470058
5.82,0.328128
5.83,0.497938
5.84,0.311706
5.85,0.485603
5.86,0.324806
5.87,0.519081
5.89,0.344128
5.90,0.500645
5.91,0.335219
5.92,0.462325
5.93,0.324891
5.94,0.448840
5.96,0.288470
5.97,0.393669
5.98,0.230659
5.99,0.401534
6.00,0.326335
6.01,0.548555
6.03,0.460414
6.04,0.548385
6.05,0.501923
6.06,0.620897
6.07,0.537650
6.08,0.678758
6.10,0.554246
6.11,0.645574
6.12,0.454506
6.13,0.588588
6.14,0.388311
6.15,0.576191
6.16,0.337997
6.18,0.499174
6.19,0.295659
6.20,0.454256
6.21,0.276956
6.22,0.372403
6.23,0.187279
6.25,0.225809
6.26,0.100854
6.27,0.105874
6.28,0.561980
6.29,0.756568
6.30,1.248170
6.32,1.263294
6.33,1.157469
6.34,1.274237
6.35,1.185737
6.36,1.207290
6.37,1.240736
6.39,1.070409
6.40,1.168888
6.41,0.834525
6.42,1.091282
6.43,0.637771
6.44,1.016988
6.46,0.728871
6.47,0.897533
6.48,0.659881
6.49,0.571220
6.50,0.474582
6.51,0.264940
6.52,0.699878
6.54,1.917919
6.55,2.392086
6.56,2.198993
6.57,1.467550
6.58,1.344990
6.59,1.062854
6.61,1.745328
6.62,1.457178
6.63,1.027300
6.64,0.373036
6.65,0.446287
6.66,0.590170
6.68,0.829437
6.69,0.610710
6.70,0.991347
6.71,0.623699
6.72,0.885615
6.73,0.465389
6.75,0.567677
6.76,0.227178
6.77,0.201739
6.78,0.131207
6.79,0.141203
6.80,0.130421
6.82,0.191535
6.83,0.338551
6.84,0.432740
6.85,0.691574
6.86,0.689694
6.87,0.976828
6.88,0.876739
6.90,1.234433
6.91,1.001057
6.92,1.368512
6.93,0.976718
6.94,1.396163
6.95,0.881819
6.97,1.359449
6.98,0.819332
6.99,1.294104
7.00,0.790158
7.01,1.209129
7.02,0.821945
7.04,1.138907
7.05,0.680391
7.06,0.911529
7.07,0.514702
7.08,0.807419
7.09,0.501797
7.11,0.811207
7.12,0.593402
7.13,0.790672
7.14,0.712087
7.15,0.867159
7.16,0.803909
7.17,0.924845
7.19,0.810064
7.20,0.934421
7.21,0.718176
7.22,0.901984
7.23,0.633420
7.24,0.828444
7.26,0.518531
7.27,0.622677
7.28,0.357215
7.29,0.569223
7.30,0.333860
7.31,0.438727
7.33,0.189428
7.34,0.207168
7.35,0.097885
7.36,0.086803
7.37,0.587744
7.38,0.842158
7.40,1.266350
7.41,1.364771
7.42,1.275452
7.43,1.349314
7.44,1.302585
7.45,1.286731
7.47,1.343713
7.48,1.118145
7.49,1.246062
7.50,0.847206
7.51,1.138119
7.52,0.732462
7.53,1.104908
7.55,0.734739
7.56,0.877981
7.57,0.658051
7.58,0.572577
7.59,0.474473
7.60,0.273689
7.62,1.067155
7.63,2.840125
7.64,3.402812
7.65,2.870737
7.66,2.203098
7.67,2.016964
7.69,1.848838
7.70,1.683458
7.71,1.441289
7.72,1.221717
7.73,0.928944
7.74,0.838875
7.76,0.946558
7.77,0.860187
7.78,0.791253
7.79,0.853082
7.80,0.685866
7.81,0.687004
7.83,0.641558
7.84,0.522686
7.85,0.376036
7.86,0.330614
7.87,0.282469
7.88,0.287251
7.89,0.245484
7.91,0.252940
7.92,0.255434
7.93,0.301693
7.94,0.385519
7.95,0.369514
7.96,0.478283
7.98,0.395894
7.99,0.530011
8.00,0.408569
8.01,0.548120
8.02,0.370887
8.03,0.531068
8.05,0.350529
8.06,0.516404
8.07,0.302841
8.08,0.453081
8.09,0.276492
8.10,0.447586
8.12,0.286088
8.13,0.428571
8.14,0.236842
8.15,0.351818
8.16,0.197089
8.17,0.426269
8.19,0.360499
8.20,0.479137
8.21,0.455053
8.22,0.501282
8.23,0.535803
8.24,0.593562
8.25,0.583429
8.27,0.606617
8.28,0.570546
8.29,0.593238
8.30,0.484542
8.31,0.586951
8.32,0.444623
8.34,0.567904
8.35,0.375143
8.36,0.442883
8.37,0.254426
8.38,0.397675
8.39,0.231591
8.41,0.314819
8.42,0.129968
8.43,0.153403
8.44,0.072547
8.45,0.072240
8.46,0.679727
8.48,0.843792
8.49,1.105170
8.50,1.192823
8.51,1.105198
8.52,1.290444
8.53,1.180973
8.54,1.226842
8.56,1.252186
8.57,1.160302
8.58,1.209443
8.59,0.951449
8.60,1.111722
8.61,0.658458
8.63,1.000583
8.64,0.716171
8.65,0.858562
8.66,0.622057
8.67,0.536995
8.68,0.470973
8.70,0.278797
8.71,1.030400
8.72,2.104933
8.73,2.627302
8.74,2.397234
8.75,1.491494
8.77,1.363903
8.78,1.173766
8.79,1.539352
8.80,1.508651
8.81,0.888535
8.82,0.431421
8.84,0.495078
8.85,0.582590
8.86,0.947713
8.87,0.737737
8.88,1.116777
8.89,0.706021
8.90,0.865347
8.92,0.475946
8.93,0.569928
8.94,0.238643
8.95,0.221198
8.96,0.085331
8.97,0.163135
8.99,0.141575
9.00,0.248987
9.01,0.364492
9.02,0.476443
9.03,0.751733
9.04,0.798981
9.06,1.054954
9.07,1.002302
9.08,1.294784
9.09,1.090382
9.10,1.457384
9.11,1.084622
9.13,1.478027
9.14,0.976931
9.15,1.401412
9.16,0.837708
9.17,1.250368
9.18,0.753187
9.20,1.193496
9.21,0.745466
9.22,1.086273
9.23,0.588325
9.24,0.815093
9.25,0.419855
9.26,0.777683
9.28,0.598072
9.29,0.934348
9.30,0.802272
9.31,0.920019
9.32,0.868423
9.33,0.990672
9.35,0.903976
9.36,0.965953
9.37,0.843722
9.38,0.924016
9.39,0.717916
9.40,0.875931
9.42,0.624135
9.43,0.842938
9.44,0.519483
9.45,0.656991
9.46,0.366124
9.47,0.561035
9.49,0.297204
9.50,0.402007
9.51,0.172265
9.52,0.189973
9.53,0.070625
9.54,0.064539
9.56,0.765068
9.57,0.959383
9.58,1.189564
9.59,1.233538
9.60,1.119839
9.61,1.338854
9.62,1.219346
9.64,1.294176
9.65,1.282002
9.66,1.135697
9.67,1.269602
9.68,0.898121
9.69,1.094430
9.71,0.627715
9.72,0.965758
9.73,0.603154
9.74,0.706798
9.75,0.503442
9.76,0.414186
9.78,0.402230
9.79,0.241856
9.80,1.119947
9.81,3.110028
9.82,3.498189
9.83,2.785829
9.85,2.388018
9.86,2.208368
9.87,1.795730
9.88,1.637152
9.89,1.460736
9.90,1.271264
9.91,0.979813
9.93,0.907463
9.94,0.930563
9.95,0.754871
9.96,0.803644
9.97,0.805445
9.98,0.705254
10.00,0.699034
10.01,0.662430
10.02,0.553911
10.03,0.444658
10.04,0.349267
10.05,0.333833
10.07,0.295672
10.08,0.254733
10.09,0.288925
10.10,0.210343
10.11,0.272565
10.12,0.288959
10.14,0.351099
10.15,0.397012
10.16,0.377007
10.17,0.446762
10.18,0.386619
10.19,0.486396
10.21,0.379724
10.22,0.491628
10.23,0.354572
10.24,0.501953
10.25,0.319818
10.26,0.426607
10.27,0.256852
10.29,0.403144
10.30,0.255171
10.31,0.405021
10.32,0.225337
10.33,0.346208
10.34,0.211760
10.36,0.435006
10.37,0.363634
10.38,0.499712
10.39,0.469773
10.40,0.498938
10.41,0.549040
10.43,0.579482
10.44,0.586864
10.45,0.627135
10.46,0.583417
10.47,0.596365
10.48,0.479921
10.50,0.572361
10.51,0.431976
10.52,0.576891
10.53,0.378312
10.54,0.442610
10.55,0.254603
10.57,0.401077
10.58,0.223613
10.59,0.313496
10.60,0.128308
10.61,0.152721
10.62,0.078700
10.63,0.087867
10.65,0.784585
10.66,0.961655
10.67,1.234193
10.68,1.308041
10.69,1.038448
10.70,1.298440
10.72,1.130403
10.73,1.295320
10.74,1.205544
10.75,1.154015
10.76,1.156444
10.77,0.907954
10.79,1.089625
10.80,0.664529
10.81,0.933575
10.82,0.592999
10.83,0.836941
10.84,0.552423
10.86,0.646464
10.87,0.373968
10.88,0.321506
10.89,0.771137
10.90,1.928002
10.91,2.441705
10.92,2.145183
10.94,1.417498
10.95,1.241803
10.96,1.144517
10.97,1.746649
10.98,1.525826
10.99,1.001222
11.01,0.332363
11.02,0.415626
11.03,0.517680
11.04,0.741496
11.05,0.577980
11.06,0.947278
11.08,0.610488
11.09,0.794837
11.10,0.426624
11.11,0.504319
11.12,0.204949
11.13,0.200006
11.15,0.144097
11.16,0.113239
11.17,0.098158
11.18,0.157367
11.19,0.334597
11.20,0.388527
11.22,0.658906
11.23,0.608682
11.24,0.924459
11.25,0.779893
11.26,1.196317
11.27,0.903146
11.28,1.329329
11.30,0.880948
11.31,1.373744
11.32,0.852661
11.33,1.395155
11.34,0.868564
11.35,1.330199
11.37,0.860488
11.38,1.233384
11.39,0.868092
11.40,1.126039
11.41,0.688588
11.42,0.879771
11.44,0.526426
11.45,0.819303
11.46,0.520795
11.47,0.858247
11.48,0.635180
11.49,0.833000
11.51,0.743467
11.52,0.933548
11.53,0.829745
11.54,0.994297
11.55,0.819315
11.56,0.968250
11.58,0.691086
11.59,0.919488
11.60,0.597072
11.61,0.854156
11.62,0.500562
11.63,0.692626
11.64,0.398892
11.66,0.621396
11.67,0.374617
11.68,0.480429
11.69,0.207990
11.70,0.223442
11.71,0.124076
11.73,0.119683
11.74,0.622080
11.75,0.845995
11.76,1.264582
11.77,1.340353
11.78,1.237972
11.80,1.279442
11.81,1.305522
11.82,1.200798
11.83,1.318651
11.84,1.034455
11.85,1.232873
11.87,0.805058
11.88,1.119319
11.89,0.827301
11.90,1.175531
11.91,0.892882
11.92,0.916583
11.94,0.694786
11.95,0.494286
11.96,0.389213
11.97,0.198765
11.98,1.603479
11.99,2.917128
12.00,3.649177
12.02,2.854674
12.03,1.991262
12.04,1.882361
12.05,1.832495
12.06,1.693140
12.07,1.414105
12.09,1.263152
12.10,1.033962
12.11,0.909729
12.12,0.905264
12.13,0.849607
12.14,0.808057
12.16,0.797233
12.17,0.636857
12.18,0.623291
12.19,0.589689
12.20,0.542706
12.21,0.387582
12.23,0.322800
12.24,0.259892
12.25,0.256568
12.26,0.235314
12.27,0.277564
12.28,0.218013
12.29,0.287181
12.31,0.328419
12.32,0.368880
12.33,0.419192
12.34,0.398326
12.35,0.472464
12.36,0.417311
12.38,0.508725
12.39,0.385349
12.40,0.517912
12.41,0.364417
12.42,0.513518
12.43,0.316475
12.45,0.440978
12.46,0.262798
12.47,0.426256
12.48,0.256492
12.49,0.401581
12.50,0.220630
12.52,0.325003
12.53,0.209756
12.54,0.409099
12.55,0.370370
12.56,0.462887
12.57,0.463799
12.59,0.474601
12.60,0.527099
12.61,0.554947
12.62,0.566790
12.63,0.560205
12.64,0.540054
12.65,0.551034
12.67,0.457921
12.68,0.559703
12.69,0.428895
12.70,0.546493
12.71,0.371765
12.72,0.424084
12.74,0.247292
12.75,0.360487
12.76,0.208087
12.77,0.290875
12.78,0.122799
12.79,0.147889
12.81,0.073159
12.82,0.071790
12.83,0.629633
12.84,0.930285
12.85,0.994605
12.86,1.197184
12.88,1.061538
12.89,1.355455
12.90,1.134108
12.91,1.289393
12.92,1.156312
12.93,1.190454
12.95,1.177694
12.96,1.049694
12.97,1.166866
12.98,0.789719
12.99,0.923469
13.00,0.615063
13.01,0.870770
13.03,0.568486
13.04,0.554155
13.05,0.400621
13.06,0.228133
13.07,1.117836
13.08,2.185662
13.10,2.442374
13.11,1.733704
13.12,1.392991
13.13,1.108703
13.14,1.875473
13.15,1.100073
13.17,1.416857
13.18,0.643440
13.19,0.453005
13.20,0.464752
13.21,0.579685
13.22,0.846590
13.24,0.792619
13.25,1.057840
13.26,0.835186
13.27,0.797674
13.28,0.572911
13.29,0.450376
13.31,0.241862
13.32,0.186214
13.33,0.111480
13.34,0.128584
13.35,0.120333
13.36,0.229226
13.37,0.325029
13.39,0.518997
13.40,0.673310
13.41,0.895084
13.42,0.959776
13.43,1.143150
13.44,1.216357
13.46,1.280840
13.47,1.403783
13.48,1.315260
13.49,1.468295
13.50,1.224919
13.51,1.432532
13.53,1.050671
13.54,1.275396
13.55,0.826638
13.56,1.142525
13.57,0.692561
13.58,0.964296
13.60,0.543586
13.61,0.744457
13.62,0.443168
13.63,0.756059
13.64,0.655309
13.65,0.854609
13.66,0.850119
13.68,0.829328
13.69,0.917142
13.70,0.908275
13.71,0.997166
13.72,0.928402
13.73,0.986941
13.75,0.885514
13.76,0.870038
13.77,0.873367
13.78,0.806848
13.79,0.859312
13.80,0.677392
13.82,0.672658
13.83,0.456042
13.84,0.539524
13.85,0.332878
13.86,0.339833
13.87,0.167542
13.89,0.167992
13.90,0.059594
13.91,0.060585
13.92,0.732065
13.93,1.052010
13.94,1.015924
13.96,1.224763
13.97,0.992834
13.98,1.399029
13.99,1.130202
14.00,1.412071
14.01,1.176626
14.02,1.252293
14.04,1.187967
14.05,1.052009
14.06,1.129609
14.07,0.774600
14.08,0.893732
14.09,0.526701
14.11,0.790869
14.12,0.527392
14.13,0.590449
14.14,0.433903
14.15,0.335586
14.16,1.669350
14.18,2.939954
14.19,3.203313
14.20,2.969495
14.21,2.242931
14.22,2.172409
14.23,1.835148
14.25,1.709044
14.26,1.398082
14.27,1.118751
14.28,0.907928
14.29,0.873426
14.30,0.845651
14.32,0.818094
14.33,0.816670
14.34,0.766863
14.35,0.678559
14.36,0.615168
14.37,0.578814
14.38,0.568005
14.40,0.462715
14.41,0.385546
14.42,0.277634
14.43,0.239626
14.44,0.239356
14.45,0.264071
14.47,0.208279
14.48,0.268136
14.49,0.255599
14.50,0.343691
14.51,0.342197
14.52,0.412633
14.54,0.443017
14.55,0.448820
14.56,0.487562
14.57,0.434657
14.58,0.518009
14.59,0.428402
14.61,0.539278
14.62,0.397519
14.63,0.496827
14.64,0.340532
14.65,0.472595
14.66,0.315761
14.68,0.425053
14.69,0.267234
14.70,0.359707
14.71,0.253475
14.72,0.427500
14.73,0.398326
14.74,0.455639
14.76,0.499115
14.77,0.420912
14.78,0.554761
14.79,0.486461
14.80,0.620078
14.81,0.532726
14.83,0.645211
14.84,0.524495
14.85,0.580775
14.86,0.549938
14.87,0.564490
14.88,0.557767
14.90,0.493697
14.91,0.464703
14.92,0.371996
14.93,0.415617
14.94,0.302547
14.95,0.274090
14.97,0.150935
14.98,0.138321
14.99,0.078969
15.00,0.088396
15.01,0.746646
15.02,1.061674
15.03,0.960632
15.05,1.138312
15.06,0.872759
15.07,1.279361
15.08,1.000571
15.09,1.312725
15.10,1.089062
15.12,1.208506
15.13,1.111492
15.14,1.044703
15.15,1.096442
15.16,0.794308
15.17,0.882829
15.19,0.543441
15.20,0.825730
15.21,0.539675
15.22,0.571640
15.23,0.454641
15.24,0.325415
15.26,0.960799
15.27,1.918499
15.28,2.395973
15.29,1.955203
15.30,1.535508
15.31,1.163850
15.33,2.042126
15.34,1.187489
15.35,1.579526
15.36,0.869517
15.37,0.443880
15.38,0.472706
15.39,0.631521
15.41,0.849192
15.42,0.887938
15.43,1.034405
15.44,0.933762
15.45,0.773939
15.46,0.614709
15.48,0.419148
15.49,0.261467
15.50,0.121202
15.51,0.087074
15.52,0.123397
15.53,0.128509
15.55,0.275497
15.56,0.266167
15.57,0.529690
15.58,0.532134
15.59,0.854431
15.60,0.760611
15.62,1.125280
15.63,1.058602
15.64,1.348442
15.65,1.256486
15.66,1.382692
15.67,1.401419
15.69,1.346808
15.70,1.443435
15.71,1.226007
15.72,1.300664
15.73,0.996199
15.74,1.185570
15.75,0.864654
15.77,1.029429
15.78,0.706398
15.79,0.808488
15.80,0.585983
15.81,0.818437
15.82,0.737255
15.84,0.775971
15.85,0.795849
15.86,0.663458
15.87,0.865976
15.88,0.766904
15.89,0.967973
15.91,0.836767
15.92,0.995999
15.93,0.829937
15.94,0.903054
15.95,0.851404
15.96,0.851843
15.98,0.797642
15.99,0.704336
16.00,0.661956
16.01,0.525120
16.02,0.599334
16.03,0.420573
16.04,0.375207
16.06,0.199668
16.07,0.183643
16.08,0.091370
16.09,0.088891
16.10,0.719582
16.11,1.175765
16.13,1.011660
16.14,1.344435
16.15,0.914148
16.16,1.365061
16.17,1.026895
16.18,1.370827
16.20,1.098681
16.21,1.268301
16.22,1.130969
16.23,1.107121
16.24,1.141520
16.25,0.893454
16.27,0.955947
16.28,0.552530
16.29,0.759557
16.30,0.439001
16.31,0.539971
16.32,0.327808
16.34,0.278594
16.35,1.869324
16.36,3.215822
16.37,3.257010
16.38,2.657624
16.39,1.937371
16.40,2.079426
16.42,1.950759
16.43,1.596373
16.44,1.406161
16.45,1.189041
16.46,0.905972
16.47,0.873937
16.49,0.865209
16.50,0.940988
16.51,0.866411
16.52,0.870029
16.53,0.678907
16.54,0.606027
16.56,0.561286
16.57,0.471701
16.58,0.366954
16.59,0.330807
16.60,0.217705
16.61,0.207036
16.63,0.209196
16.64,0.278732
16.65,0.224799
16.66,0.320828
16.67,0.271836
16.68,0.387986
16.70,0.349889
16.71,0.458326
16.72,0.425534
16.73,0.513923
16.74,0.474373
16.75,0.504574
16.76,0.497171
16.78,0.483448
16.79,0.508191
16.80,0.442463
16.81,0.456196
16.82,0.354289
16.83,0.441755
16.85,0.323538
16.86,0.391706
16.87,0.276875
16.88,0.332532
16.89,0.270366
16.90,0.408756
16.92,0.435168
16.93,0.402395
16.94,0.483326
16.95,0.405632
16.96,0.570278
16.97,0.484211
16.99,0.644708
17.00,0.527090
17.01,0.672651
17.02,0.527418
17.03,0.601515
17.04,0.540665
17.06,0.567315
17.07,0.543056
17.08,0.485447
17.09,0.439586
17.10,0.344839
17.11,0.399362
17.12,0.284919
17.14,0.267452
17.15,0.150039
17.16,0.114636
17.17,0.066423
17.18,0.070617
17.19,0.686685
17.21,1.025906
17.22,0.889166
17.23,1.148810
17.24,0.865552
17.25,1.255478
17.26,0.903667
17.28,1.256410
17.29,0.965915
17.30,1.219139
17.31,1.052935
17.32,1.144660
17.33,1.140409
17.35,0.965938
17.36,0.995840
17.37,0.627936
17.38,0.818588
17.39,0.478029
17.40,0.586769
17.41,0.406886
17.43,0.277566
17.44,1.638963
17.45,2.433303
17.46,2.348221
17.47,1.871747
17.48,1.558533
17.50,1.236958
17.51,2.113942
17.52,1.074141
17.53,1.405086
17.54,0.639635
17.55,0.467199
17.57,0.450550
17.58,0.667682
17.59,0.848072
17.60,0.882589
17.61,1.032138
17.62,0.911658
17.64,0.767722
17.65,0.598090
17.66,0.393618
17.67,0.207743
17.68,0.158263
17.69,0.130561
17.71,0.160320
17.72,0.163423
17.73,0.295248
17.74,0.262644
17.75,0.525147
17.76,0.533240
17.77,0.903330
17.79,0.806030
17.80,1.213670
17.81,1.084598
17.82,1.432512
17.83,1.276097
17.84,1.496450
17.86,1.395737
17.87,1.451391
17.88,1.422233
17.89,1.297119
17.90,1.310157
17.91,1.072385
17.93,1.195825
17.94,0.884031
17.95,0.984073
17.96,0.676129
17.97,0.762790
17.98,0.587292
18.00,0.748297
18.01,0.768276
18.02,0.743384
18.03,0.867156
18.04,0.693575
18.05,0.950217
18.07,0.765564
18.08,1.029232
18.09,0.787536
18.10,1.025495
18.11,0.777977
18.12,0.926105
18.13,0.780880
18.15,0.876843
18.16,0.779636
18.17,0.752169
18.18,0.634741
18.19,0.539026
18.20,0.541722
18.22,0.408599
18.23,0.354787
18.24,0.224178
18.25,0.146125
18.26,0.076335
18.27,0.045297
18.29,0.769287
18.30,1.133777
18.31,0.993866
18.32,1.241092
18.33,0.939618
18.34,1.388267
18.36,1.004580
18.37,1.369063
18.38,1.049798
18.39,1.257159
18.40,1.159889
18.41,1.161339
18.43,1.168379
18.44,0.902896
18.45,0.910852
18.46,0.539988
18.47,0.730849
18.48,0.412945
18.49,0.559235
18.51,0.323616
18.52,0.346394
18.53,1.879151
18.54,3.124638
18.55,3.348808
18.56,2.928100
18.58,2.171355
18.59,1.964034
18.60,1.950445
18.61,1.631920
18.62,1.445489
18.63,1.186039
18.65,0.884560
18.66,0.845490
18.67,0.867715
18.68,0.851829
18.69,0.826168
18.70,0.805352
18.72,0.644960
18.73,0.539465
18.74,0.551166
18.75,0.527817
18.76,0.432086
18.77,0.353867
18.78,0.257046
18.80,0.250653
18.81,0.237692
18.82,0.281942
18.83,0.224553
18.84,0.308744
18.85,0.263801
18.87,0.386057
18.88,0.351952
18.89,0.446800
18.90,0.454054
18.91,0.487842
18.92,0.485860
18.94,0.477442
18.95,0.498922
18.96,0.463495
18.97,0.518830
18.98,0.438067
18.99,0.464320
19.01,0.362084
19.02,0.452750
19.03,0.336980
19.04,0.408439
19.05,0.287486
19.06,0.332058
19.08,0.273488
19.09,0.393176
19.10,0.415718
19.11,0.412247
19.12,0.492204
19.13,0.388745
19.14,0.553677
19.16,0.458495
19.17,0.629548
19.18,0.511028
19.19,0.659817
19.20,0.517441
19.21,0.616075
19.23,0.543616
19.24,0.598147
19.25,0.529663
19.26,0.497151
19.27,0.442592
19.28,0.374175
19.30,0.409240
19.31,0.308903
19.32,0.275217
19.33,0.167214
19.34,0.114006
19.35,0.051637
19.37,0.052927
19.38,0.744564
19.39,1.142874
19.40,0.945259
19.41,1.226745
19.42,0.834027
19.44,1.250039
19.45,0.882132
19.46,1.292437
19.47,0.952584
19.48,1.232948
19.49,1.021697
19.50,1.123502
19.52,1.073057
19.53,0.912509
19.54,0.924710
19.55,0.585912
19.56,0.788025
19.57,0.448381
19.59,0.601517
19.60,0.305973
19.61,0.321515
19.62,1.207352
19.63,1.981799
19.64,2.456190
19.66,2.235196
19.67,1.188217
19.68,1.257913
19.69,2.278701
19.70,1.023000
19.71,1.409959
19.73,0.735414
19.74,0.443768
19.75,0.570754
19.76,0.697088
19.77,0.884859
19.78,0.889847
19.80,1.007731
19.81,0.929669
19.82,0.733186
19.83,0.584202
19.84,0.375230
19.85,0.210642
19.86,0.149812
19.88,0.111987
19.89,0.109840
19.90,0.120399
19.91,0.259273
19.92,0.298211
19.93,0.544926
19.95,0.568827
19.96,0.861262
19.97,0.793826
19.98,1.121089
19.99,1.085818
20.00,1.329289
20.02,1.269167
20.03,1.348601
20.04,1.382986
20.05,1.284125
20.06,1.423608
20.07,1.168914
20.09,1.285093
20.10,0.944046
20.11,1.163269
20.12,0.809566
20.13,1.004069
20.14,0.661840
20.15,0.802630
20.17,0.591579
20.18,0.798137
20.19,0.737721
20.20,0.743571
20.21,0.807914
20.22,0.660926
20.24,0.895759
20.25,0.739422
20.26,0.962732
20.27,0.812972
20.28,0.992959
20.29,0.828264
20.31,0.917789
20.32,0.842706
20.33,0.861167
20.34,0.786720
20.35,0.713151
20.36,0.646918
20.38,0.526290
20.39,0.594736
20.40,0.429767
20.41,0.375735
20.42,0.200012
20.43,0.162992
20.45,0.076080
20.46,0.072627
20.47,0.722285
20.48,1.154510
20.49,1.017190
20.50,1.347590
20.51,0.983172
20.53,1.411084
20.54,1.143056
20.55,1.398453
20.56,1.248872
20.57,1.313294
20.58,1.300083
20.60,1.109255
20.61,1.285340
20.62,0.839514
20.63,1.084152
20.64,0.676900
20.65,0.911862
20.67,0.617001
20.68,0.618764
20.69,0.470264
20.70,0.319715
20.71,2.173780
20.72,2.897503
20.74,3.060787
20.75,2.703209
20.76,1.875720
20.77,1.926589
20.78,1.896603
20.79,1.715021
20.81,1.433944
20.82,1.201285
20.83,0.995061
20.84,0.875136
20.85,0.897155
20.86,0.991724
20.87,0.831908
20.89,0.877047
20.90,0.682921
20.91,0.585517
20.92,0.544511
20.93,0.509473
20.94,0.369405
20.96,0.302437
20.97,0.237256
20.98,0.225308
20.99,0.213179
21.00,0.281189
21.01,0.222135
21.03,0.319719
21.04,0.303797
21.05,0.401073
21.06,0.390252
21.07,0.451849
21.08,0.462350
21.10,0.493296
21.11,0.503087
21.12,0.476839
21.13,0.518260
21.14,0.456030
21.15,0.530625
21.16,0.422461
21.18,0.470057
21.19,0.344353
21.20,0.451660
21.21,0.315092
21.22,0.387100
21.23,0.266615
21.25,0.318198
21.26,0.259324
21.27,0.373215
21.28,0.414346
21.29,0.344173
21.30,0.451265
21.32,0.363845
21.33,0.543932
21.34,0.441088
21.35,0.624819
21.36,0.481803
21.37,0.663842
21.39,0.511684
21.40,0.625745
21.41,0.518973
21.42,0.577820
21.43,0.510912
21.44,0.485431
21.46,0.457533
21.47,0.381459
21.48,0.417144
21.49,0.304330
21.50,0.260517
21.51,0.144905
21.52,0.119111
21.54,0.070247
21.55,0.070797
21.56,0.682683
21.57,1.118542
21.58,0.888255
21.59,1.208593
21.61,0.853644
21.62,1.256812
21.63,0.915637
21.64,1.280378
21.65,0.977276
21.66,1.259489
21.68,1.106081
21.69,1.214077
21.70,1.219515
21.71,1.003697
21.72,1.016689
21.73,0.617205
21.75,0.814109
21.76,0.409760
21.77,0.467545
21.78,0.321113
21.79,0.246811
21.80,1.617771
21.82,2.556591
21.83,2.531321
21.84,1.931991
21.85,1.310063
21.86,1.042143
21.87,2.052021
21.88,1.208433
21.90,1.080063
21.91,0.636566
21.92,0.513807
21.93,0.655190
21.94,0.825626
21.95,0.956304
21.97,1.058704
21.98,1.080274
21.99,1.031386
22.00,0.737013
22.01,0.648168
22.02,0.397591
22.04,0.249849
22.05,0.133100
22.06,0.102079
22.07,0.183654
22.08,0.188989
22.09,0.367178
22.11,0.298212
22.12,0.628817
22.13,0.544246
22.14,0.971218
22.15,0.787713
22.16,1.260905
22.18,1.035354
22.19,1.443512
22.20,1.188497
22.21,1.477409
22.22,1.308901
22.23,1.441699
22.24,1.339536
22.26,1.325786
22.27,1.258859
22.28,1.143236
22.29,1.191950
22.30,1.001964
22.31,0.984042
22.33,0.784514
22.34,0.748143
22.35,0.705477
22.36,0.738621
22.37,0.867707
22.38,0.702506
22.40,0.892602
22.41,0.668038
22.42,0.975755
22.43,0.724280
22.44,1.065368
22.45,0.721716
22.47,1.036105
22.48,0.723778
22.49,0.966193
22.50,0.716532
22.51,0.902638
22.52,0.681899
22.53,0.743135
22.55,0.573804
22.56,0.551202
22.57,0.482053
22.58,0.401148
22.59,0.309431
22.60,0.212220
22.62,0.136017
22.63,0.090385
22.64,0.221668
22.65,0.751976
22.66,1.181108
22.67,0.950993
22.69,1.313126
22.70,0.880972
22.71,1.274407
22.72,0.881710
22.73,1.334114
22.74,0.978569
22.76,1.300844
22.77,1.115384
22.78,1.259849
22.79,1.148736
22.80,1.004842
22.81,0.925372
22.83,0.598364
22.84,0.653709
22.85,0.359143
22.86,0.476939
22.87,0.337254
22.88,0.325717
22.89,2.114085
22.91,3.066822
22.92,3.260939
22.93,2.778884
22.94,2.063513
22.95,2.168513
22.96,1.976827
22.98,1.716318
22.99,1.453349
23.00,1.297308
23.01,0.952423
23.02,0.922830
23.03,0.980511
23.05,0.972732
23.06,0.896737
23.07,0.857651
23.08,0.648755
23.09,0.552800
23.10,0.537145
23.12,0.497499
23.13,0.416684
23.14,0.355499
23.15,0.269788
23.16,0.236420
23.17,0.241830
23.19,0.298346
23.20,0.262317
23.21,0.342689
23.22,0.259117
23.23,0.384275
23.24,0.264048
23.25,0.410116
23.27,0.331849
23.28,0.469219
23.29,0.386644
23.30,0.501297
23.31,0.433562
23.32,0.534873
23.34,0.472979
23.35,0.517298
23.36,0.454688
23.37,0.458685
23.38,0.455985
23.39,0.445434
23.41,0.390243
23.42,0.379901
23.43,0.301011
23.44,0.381066
23.45,0.324513
23.46,0.458316
23.48,0.341121
23.49,0.455414
23.50,0.370763
23.51,0.520088
23.52,0.395136
23.53,0.579773
23.55,0.397176
23.56,0.617969
23.57,0.396431
23.58,0.596877
23.59,0.408110
23.60,0.598466
23.61,0.426130
23.63,0.530932
23.64,0.364450
23.65,0.421941
23.66,0.339825
23.67,0.342381
23.68,0.228090
23.70,0.184834
23.71,0.072456
23.72,0.038700
23.73,0.251162
23.74,0.800999
23.75,1.251115
23.77,1.003432
23.78,1.302387
23.79,0.999478
23.80,1.258510
23.81,0.874313
23.82,1.193563
23.84,0.744665
23.85,1.150837
23.86,0.831171
23.87,1.146610
23.88,0.947054
23.89,0.993436
23.90,0.894008
23.92,0.700592
23.93,0.769301
23.94,0.415008
23.95,0.565715
23.96,0.368660
23.97,0.369900
23.99,1.671929
24.00,2.210557
24.01,2.449142
24.02,2.017939
24.03,1.414956
24.04,1.262749
24.06,1.958074
24.07,1.065916
24.08,0.981638
24.09,0.624352
24.10,0.492692
24.11,0.758317
24.13,0.825921
24.14,0.850851
24.15,1.040959
24.16,0.933420
24.17,1.075120
24.18,0.645530
24.20,0.642316
24.21,0.322137
24.22,0.223456
24.23,0.114036
24.24,0.120206
24.25,0.114000
24.26,0.157192
24.28,0.319602
24.29,0.273515
24.30,0.625913
24.31,0.475677
24.32,0.893623
24.33,0.605077
24.35,1.070825
24.36,0.838035
24.37,1.339039
24.38,1.019603
24.39,1.449175
24.40,1.196536
24.42,1.499549
24.43,1.242246
24.44,1.384274
24.45,1.145297
24.46,1.168127
24.47,1.085047
24.49,1.029464
24.50,0.901256
24.51,0.817891
24.52,0.708620
24.53,0.728923
24.54,0.657981
24.56,0.805921
24.57,0.537343
24.58,0.731268
24.59,0.482395
24.60,0.829432
24.61,0.578286
24.62,0.914442
24.64,0.579692
24.65,0.876847
24.66,0.556271
24.67,0.895625
24.68,0.607397
24.69,0.900121
24.71,0.577440
24.72,0.750333
24.73,0.489699
24.74,0.588805
24.75,0.449843
24.76,0.450550
24.78,0.276073
24.79,0.214405
24.80,0.079612
24.81,0.039841
24.82,0.193202
24.83,0.761501
24.85,1.381600
24.86,1.051597
24.87,1.509774
24.88,1.097770
24.89,1.370340
24.90,0.913153
24.92,1.297993
24.93,0.806033
24.94,1.298107
24.95,0.931891
24.96,1.308117
24.97,1.056068
24.98,1.154760
25.00,0.956595
25.01,0.751059
25.02,0.626907
25.03,0.317851
25.04,0.385374
25.05,0.311033
25.07,0.276868
25.08,2.480400
25.09,3.517363
25.10,3.133914
25.11,2.451758
25.12,1.990591
25.14,2.148514
25.15,2.002450
25.16,1.576437
25.17,1.306076
25.18,1.200949
25.19,0.942946
25.21,0.871952
25.22,0.817888
25.23,0.863415
25.24,0.820736
25.25,0.758780
25.26,0.739156
25.27,0.644594
25.29,0.550033
25.30,0.456339
25.31,0.370086
25.32,0.314074
25.33,0.275100
25.34,0.252894
25.36,0.224921
25.37,0.229755
25.38,0.266789
25.39,0.344211
25.40,0.291667
25.41,0.380066
25.43,0.281182
25.44,0.432127
25.45,0.305622
25.46,0.483121
25.47,0.355027
25.48,0.528711
25.50,0.395049
25.51,0.553442
25.52,0.405615
25.53,0.518578
25.54,0.395202
25.55,0.461486
25.57,0.411457
25.58,0.447394
25.59,0.347248
25.60,0.376699
25.61,0.259311
25.62,0.350933
25.63,0.290421
25.65,0.419746
25.66,0.330702
25.67,0.514630
25.68,0.444788
25.69,0.617988
25.70,0.508989
25.72,0.631560
25.73,0.475113
25.74,0.603996
25.75,0.391448
25.76,0.564068
25.77,0.342270
25.79,0.557686
25.80,0.343001
25.81,0.504048
25.82,0.317872
25.83,0.441770
25.84,0.330012
25.86,0.372990
25.87,0.223059
25.88,0.207857
25.89,0.088348
25.90,0.053664
25.91,0.519928
25.93,0.810651
25.94,1.344113
25.95,1.107561
25.96,1.322132
25.97,1.117567
25.98,1.283205
25.99,0.961830
26.01,1.294513
26.02,0.881998
26.03,1.160970
26.04,0.707778
26.05,1.150463
26.06,0.923440
26.08,1.154608
26.09,0.924167
26.10,0.913403
26.11,0.816443
26.12,0.637567
26.13,0.509232
26.15,0.253582
26.16,0.454645
26.17,2.057727
26.18,2.497030
26.19,2.381068
26.20,1.621683
26.22,1.238436
26.23,1.115569
26.24,1.690316
26.25,1.201891
26.26,0.879770
26.27,0.473077
26.28,0.388491
26.30,0.683761
26.31,0.842930
26.32,0.813146
26.33,1.067821
26.34,0.886451
26.35,1.021154
26.37,0.618212
26.38,0.627515
26.39,0.332219
26.40,0.239306
26.41,0.129974
26.42,0.132611
26.44,0.116851
26.45,0.175241
26.46,0.321301
26.47,0.326160
26.48,0.652174
26.49,0.541375
26.51,1.001558
26.52,0.695457
26.53,1.209608
26.54,0.790359
26.55,1.308708
26.56,0.907139
26.58,1.457130
26.59,1.097880
26.60,1.540446
26.61,1.153439
26.62,1.424224
26.63,1.101126
26.64,1.227284
26.66,1.053477
26.67,1.059460
26.68,0.805786
26.69,0.776602
26.70,0.567931
26.71,0.671463
26.73,0.509138
26.74,0.770908
26.75,0.568685
26.76,0.850366
26.77,0.617572
26.78,0.868488
26.80,0.640142
26.81,0.945825
26.82,0.661987
26.83,0.967731
26.84,0.613981
26.85,0.865624
26.87,0.510829
26.88,0.823286
26.89,0.501114
26.90,0.725912
26.91,0.426632
26.92,0.587664
26.94,0.365965
26.95,0.434367
26.96,0.213024
26.97,0.209864
26.98,0.083317
26.99,0.059102
27.00,0.488308
27.02,0.764993
27.03,1.298037
27.04,1.103874
27.05,1.373337
27.06,1.196878
27.07,1.388697
27.09,1.098148
27.10,1.334625
27.11,0.902012
27.12,1.127965
27.13,0.733331
27.14,1.184034
27.16,0.876831
27.17,1.075994
27.18,0.861439
27.19,0.853044
27.20,0.771349
27.21,0.608224
27.23,0.468645
27.24,0.273974
27.25,0.317794
27.26,2.320138
27.27,3.141430
27.28,3.069133
27.30,2.651529
27.31,1.957673
27.32,2.137722
27.33,1.977751
27.34,1.586684
27.35,1.329431
27.36,1.106758
27.38,1.020477
27.39,0.877742
27.40,0.824294
27.41,0.860807
27.42,0.772572
27.43,0.716530
27.45,0.701474
27.46,0.660525
27.47,0.516380
27.48,0.445336
27.49,0.406662
27.50,0.366552
27.52,0.290570
27.53,0.250634
27.54,0.233817
27.55,0.237427
27.56,0.266724
27.57,0.337337
27.59,0.297646
27.60,0.387988
27.61,0.298322
27.62,0.426349
27.63,0.294805
27.64,0.426593
27.65,0.296015
27.67,0.458451
27.68,0.338447
27.69,0.499259
27.70,0.363434
27.71,0.475546
27.72,0.351578
27.74,0.426033
27.75,0.350941
27.76,0.407251
27.77,0.292170
27.78,0.339026
27.79,0.211716
27.81,0.351498
27.82,0.296917
27.83,0.510482
27.84,0.419612
27.85,0.529667
27.86,0.450741
27.88,0.581720
27.89,0.463563
27.90,0.628867
27.91,0.454988
27.92,0.609251
27.93,0.389465
27.95,0.569381
27.96,0.342808
27.97,0.563880
27.98,0.336338
27.99,0.503603
28.00,0.296793
28.01,0.442011
28.03,0.273694
28.04,0.342591
28.05,0.156454
28.06,0.161607
28.07,0.061848
28.08,0.041212
28.10,0.470626
28.11,0.741882
28.12,1.241820
28.13,1.139790
28.14,1.266623
28.15,1.213082
28.17,1.310479
28.18,1.131328
28.19,1.278081
28.20,0.922673
28.21,1.152446
28.22,0.692426
28.24,1.087649
28.25,0.763203
28.26,1.023954
28.27,0.785054
28.28,0.779619
28.29,0.717188
28.31,0.470055
28.32,0.467467
28.33,0.255304
28.34,0.339262
28.35,1.570678
28.36,2.260286
28.37,2.416950
28.39,1.827793
28.40,1.163249
28.41,1.639806
28.42,1.461758
28.43,1.036829
28.44,0.887501
28.46,0.515386
28.47,0.423487
28.48,0.550146
28.49,0.677293
28.50,0.668148
28.51,0.989443
28.53,0.737610
28.54,1.004489
28.55,0.506371
28.56,0.576505
28.57,0.255964
28.58,0.200055
28.60,0.107022
28.61,0.133572
28.62,0.101395
28.63,0.157528
28.64,0.313056
28.65,0.311417
28.67,0.654694
28.68,0.532246
28.69,0.951399
28.70,0.664624
28.71,1.137874
28.72,0.748718
28.73,1.287747
28.75,0.926044
28.76,1.469493
28.77,1.080704
28.78,1.503733
28.79,1.114732
28.80,1.382894
28.82,1.060967
28.83,1.183788
28.84,1.007910
28.85,1.026891
28.86,0.835272
28.87,0.806016
28.89,0.653914
28.90,0.713316
28.91,0.580103
28.92,0.736880
28.93,0.486942
28.94,0.701271
28.96,0.530361
28.97,0.866531
28.98,0.631668
28.99,0.934334
29.00,0.619195
29.01,0.859535
29.02,0.517135
29.04,0.841315
29.05,0.540359
29.06,0.855672
29.07,0.512544
29.08,0.728664
29.09,0.434135
29.11,0.593401
29.12,0.391783
29.13,0.443364
29.14,0.236210
29.15,0.213771
29.16,0.088825
29.18,0.051289
29.19,0.316811
29.20,0.635629
29.21,1.341691
29.22,1.108501
29.23,1.530674
29.25,1.193913
29.26,1.399730
29.27,0.980753
29.28,1.317639
29.29,0.796439
29.30,1.223598
29.32,0.826933
29.33,1.283833
29.34,0.993679
29.35,1.156571
29.36,0.933050
29.37,0.753600
29.38,0.756652
29.40,0.443605
29.41,0.462909
29.42,0.232997
29.43,0.280646
29.44,2.662490
29.45,3.222056
29.47,2.878313
29.48,2.446970
29.49,1.841908
29.50,1.961264
29.51,1.918848
29.52,1.667314
29.54,1.263248
29.55,1.093787
29.56,0.962021
29.57,0.848259
29.58,0.923260
29.59,0.838126
29.61,0.777429
29.62,0.750816
29.63,0.779260
29.64,0.653042
29.65,0.592304
29.66,0.507128
29.68,0.403253
29.69,0.326637
29.70,0.307708
29.71,0.272792
29.72,0.235158
29.73,0.231383
29.74,0.263154
29.76,0.338564
29.77,0.321175
29.78,0.389746
29.79,0.302787
29.80,0.442234
29.81,0.302934
29.83,0.464091
29.84,0.310614
29.85,0.491082
29.86,0.358819
29.87,0.530127
