0.24
1.01
2.94
6.64
7.16
10.29
11.13
11.73
12.62
18.36
21.91
22.57
25.73
28.73
30.59
31.97
33.36
39.50
41.42
42.76
44.14
45.42
46.09
46.75
49.47
50.81
51.47
52.18
53.56
54.94
56.90
57.54
58.90
59.57
60.24
61.18
61.59
62.32
62.95
64.34
65.64
66.99
67.66
69.68
70.38
71.03
72.38
73.08
74.43
75.07
76.43
77.78
78.45
80.47
81.14
81.82
83.16
83.87
85.19
85.88
86.65
87.25
88.56
89.26
91.25
91.93
92.64
93.95
94.66
96.00
96.66
98.00
99.35
100.04
102.05
102.75
103.42
104.73
105.44
106.80
107.46
108.22
108.79
110.13
110.83
112.83
113.53
114.21
115.53
116.20
117.59
118.22
119.59
120.92
121.59
123.61
124.32
124.99
126.32
127.02
128.34
129.01
129.79
130.38
131.70
132.41
134.40
135.11
135.78
137.11
137.81
139.12
139.80
141.17
142.49
143.20
145.19
145.89
146.54
147.89
148.56
149.93
150.58
151.36
151.93
153.98
155.98
157.36
158.69
159.38
160.72
161.37
162.75
164.06
164.77
166.78
167.47
