0.00,0.209620
0.01,0.328278
0.02,0.622450
0.03,0.452729
0.05,0.441244
0.06,0.259875
0.07,0.288019
0.08,0.451143
0.09,0.436308
0.10,0.466743
0.12,0.615079
0.13,0.708918
0.14,0.761143
0.15,0.705491
0.16,0.511433
0.17,0.466637
0.19,0.309528
0.20,0.441056
0.21,0.445646
0.22,0.727976
0.23,0.694007
0.24,0.846528
0.26,0.694896
0.27,0.610014
0.28,0.607968
0.29,0.388859
0.30,0.232556
0.31,0.244393
0.33,0.345529
0.34,0.418082
0.35,0.499642
0.36,0.592635
0.37,0.527602
0.38,0.523895
0.39,0.473323
0.41,0.377784
0.42,0.390332
0.43,0.226835
0.44,0.249251
0.45,0.359184
0.46,0.435982
0.48,0.405820
0.49,0.465382
0.50,0.446628
0.51,0.470846
0.52,0.394650
0.53,0.380849
0.55,0.346911
0.56,0.273525
0.57,0.301294
0.58,0.371319
0.59,0.436386
0.60,0.467496
0.62,0.434530
0.63,0.396852
0.64,0.330292
0.65,0.303044
0.66,0.313580
0.67,0.254831
0.68,0.290135
0.70,0.329817
0.71,0.331226
0.72,0.327521
0.73,0.346994
0.74,0.369952
0.75,0.349975
0.77,0.319975
0.78,0.280115
0.79,0.319838
0.80,0.305487
0.81,0.295208
0.82,0.306583
0.84,0.335505
0.85,0.354322
0.86,0.345384
0.87,0.378157
0.88,0.377661
0.89,0.333648
0.91,0.353217
0.92,0.310909
0.93,0.311506
0.94,0.329801
0.95,0.319310
0.96,0.319562
0.98,0.327067
0.99,0.347067
1.00,0.338894
1.01,0.287973
1.02,0.296331
1.03,0.332123
1.04,0.301963
1.06,0.315140
1.07,0.286505
1.08,0.316725
1.09,0.320864
1.10,0.314068
1.11,0.310104
1.13,0.271397
1.14,0.238771
1.15,0.240070
1.16,0.240157
1.17,0.229446
1.18,0.243447
1.20,0.219635
1.21,0.238395
1.22,0.259717
1.23,0.350050
1.24,0.385756
1.25,0.447572
1.27,0.490931
1.28,0.501586
1.29,0.496508
1.30,0.377329
1.31,0.292581
1.32,0.275163
1.34,0.239100
1.35,0.224626
1.36,0.202251
1.37,0.195042
1.38,0.230302
1.39,0.234799
1.40,0.264396
1.42,0.293947
1.43,0.285677
1.44,0.270613
1.45,0.276911
1.46,0.278127
1.47,0.282321
1.49,0.248732
1.50,0.257109
1.51,0.248881
1.52,0.275251
1.53,0.259247
1.54,0.268558
1.56,0.265811
1.57,0.260306
1.58,0.280279
1.59,0.259308
1.60,0.270049
1.61,0.302267
1.63,0.264926
1.64,0.293011
1.65,0.256985
1.66,0.270034
1.67,0.278694
1.68,0.282200
1.70,0.257715
1.71,0.296651
1.72,0.269615
1.73,0.315720
1.74,0.257626
1.75,0.251025
1.76,0.310023
1.78,0.273123
1.79,0.312401
1.80,0.284707
1.81,0.280248
1.82,0.296641
1.83,0.302282
1.85,0.285262
1.86,0.300735
1.87,0.268194
1.88,0.278818
1.89,0.266502
1.90,0.237113
1.92,0.272943
1.93,0.220871
1.94,0.256135
1.95,0.340071
1.96,0.271556
1.97,0.365997
1.99,0.287069
2.00,0.273541
2.01,0.291459
2.02,0.303953
2.03,0.291494
2.04,0.264291
2.05,0.232226
2.07,0.281734
2.08,0.274371
2.09,0.277020
2.10,0.260546
2.11,0.229197
2.12,0.281963
2.14,0.285220
2.15,0.262375
2.16,0.288373
2.17,0.278757
2.18,0.252762
2.19,0.299223
2.21,0.284201
2.22,0.308338
2.23,0.272408
2.24,0.265830
2.25,0.248715
2.26,0.246552
2.28,0.262122
2.29,0.276729
2.30,0.208358
2.31,0.288540
2.32,0.274898
2.33,0.239751
2.35,0.232120
2.36,0.226944
2.37,0.215527
2.38,0.256655
2.39,0.262583
2.40,0.261643
2.41,0.244319
2.43,0.231752
2.44,0.235053
2.45,0.342627
2.46,0.358467
2.47,0.311422
2.48,0.389102
2.50,0.406466
2.51,0.425852
2.52,0.356290
2.53,0.213998
2.54,0.228630
2.55,0.240267
2.57,0.256163
2.58,0.153999
2.59,0.199848
2.60,0.194400
2.61,0.258503
2.62,0.323554
2.64,0.313699
2.65,0.286585
2.66,0.221076
2.67,0.193984
2.68,0.171327
2.69,0.142152
2.71,0.130871
2.72,0.132431
2.73,0.126757
2.74,0.139194
2.75,0.130225
2.76,0.151453
2.77,0.138131
2.79,0.144629
2.80,0.161898
2.81,0.150991
2.82,0.133098
2.83,0.158824
2.84,0.152062
2.86,0.145224
2.87,0.142050
2.88,0.152268
2.89,0.136585
2.90,0.125157
2.91,0.083724
2.93,0.101261
2.94,0.107956
2.95,0.115873
2.96,0.100559
2.97,0.097433
2.98,0.165581
3.00,0.283520
3.01,0.321694
3.02,0.357547
3.03,0.345818
3.04,0.464923
3.05,0.453165
3.07,0.405042
3.08,0.296615
3.09,0.156048
3.10,0.313611
3.11,0.314733
3.12,0.226115
3.13,0.213575
3.15,0.231029
3.16,0.278470
3.17,0.196906
3.18,0.148668
3.19,0.172136
3.20,0.206341
3.22,0.227496
3.23,0.228704
3.24,0.195084
3.25,0.144080
3.26,0.141939
3.27,0.110336
3.29,0.086271
3.30,0.079555
3.31,0.078372
3.32,0.075060
3.33,0.101761
3.34,0.105231
3.36,0.093169
3.37,0.088606
3.38,0.078959
3.39,0.076122
3.40,0.071747
3.41,0.064279
3.42,0.073252
3.44,0.075516
3.45,0.076835
3.46,0.073488
3.47,0.071213
3.48,0.059961
3.49,0.052232
3.51,0.036128
3.52,0.030559
3.53,0.027423
3.54,0.026767
3.55,0.024810
3.56,0.030036
3.58,0.027805
3.59,0.019106
3.60,0.019008
3.61,0.022850
3.62,0.088764
3.63,0.380401
3.65,0.479128
3.66,0.501895
3.67,0.322190
3.68,0.343377
3.69,0.383636
3.70,0.346330
3.72,0.223953
3.73,0.209138
3.74,0.259162
3.75,0.219330
3.76,0.176333
3.77,0.176381
3.78,0.179337
3.80,0.160528
3.81,0.160016
3.82,0.140309
3.83,0.132879
3.84,0.142413
3.85,0.155958
3.87,0.192715
3.88,0.247324
3.89,0.282694
3.90,0.339607
3.91,0.371591
3.92,0.290564
3.94,0.303394
3.95,0.276514
3.96,0.281249
3.97,0.308459
3.98,0.278920
3.99,0.236892
4.01,0.233058
4.02,0.257386
4.03,0.243522
4.04,0.223815
4.05,0.236770
4.06,0.194246
4.08,0.140531
4.09,0.134412
4.10,0.140117
4.11,0.176340
4.12,0.196521
4.13,0.199849
4.14,0.190296
4.16,0.144658
4.17,0.147001
4.18,0.151891
4.19,0.157332
4.20,0.226377
4.21,0.240606
4.23,0.235341
4.24,0.265854
4.25,0.201651
4.26,0.261587
4.27,0.258719
4.28,0.225056
4.30,0.182481
4.31,0.207378
4.32,0.247337
4.33,0.249407
4.34,0.275624
4.35,0.260485
4.37,0.253495
4.38,0.269592
4.39,0.220005
4.40,0.269228
4.41,0.266180
4.42,0.239980
4.44,0.197465
4.45,0.190710
4.46,0.168729
4.47,0.159847
4.48,0.165594
4.49,0.171587
4.50,0.148838
4.52,0.160168
4.53,0.131443
4.54,0.145215
4.55,0.123775
4.56,0.104131
4.57,0.096830
4.59,0.075837
4.60,0.096695
4.61,0.093849
4.62,0.088254
4.63,0.076089
4.64,0.063661
4.66,0.079639
4.67,0.105400
4.68,0.099698
4.69,0.126138
4.70,0.117950
4.71,0.105955
4.73,0.089987
4.74,0.071264
4.75,0.062607
4.76,0.046867
4.77,0.050985
4.78,0.058186
4.79,0.080063
4.81,0.146739
4.82,0.313918
4.83,0.694844
4.84,0.749391
4.85,0.719164
4.86,0.712482
4.88,0.595337
4.89,0.692568
4.90,0.685402
4.91,0.662265
4.92,0.543501
4.93,0.589990
4.95,0.691102
4.96,0.501534
4.97,0.387583
4.98,0.471134
4.99,0.521461
5.00,0.528503
5.02,0.404675
5.03,0.404303
5.04,0.292178
5.05,0.407575
5.06,0.314750
5.07,0.299122
5.09,0.284141
5.10,0.263806
5.11,0.270787
5.12,0.211257
5.13,0.282381
5.14,0.210288
5.15,0.262446
5.17,0.133551
5.18,0.238117
5.19,0.231029
5.20,0.294505
5.21,0.219239
5.22,0.189568
5.24,0.273046
5.25,0.274624
5.26,0.280368
5.27,0.220449
5.28,0.239598
5.29,0.268509
5.31,0.293657
5.32,0.293119
5.33,0.237142
5.34,0.250015
5.35,0.275346
5.36,0.310360
5.38,0.263246
5.39,0.246642
5.40,0.312398
5.41,0.301760
5.42,0.245836
5.43,0.174339
5.45,0.282469
5.46,0.221151
5.47,0.198052
5.48,0.186239
5.49,0.230817
5.50,0.220898
5.51,0.231948
5.53,0.195267
5.54,0.175594
5.55,0.260737
5.56,0.257051
5.57,0.205286
5.58,0.152495
5.60,0.232926
5.61,0.229578
5.62,0.207497
5.63,0.213090
5.64,0.212758
5.65,0.188738
5.67,0.171301
5.68,0.220171
5.69,0.199675
5.70,0.193241
5.71,0.163878
5.72,0.202945
5.74,0.185090
5.75,0.213056
5.76,0.175226
5.77,0.189828
5.78,0.205246
5.79,0.231847
5.80,0.212759
5.82,0.223504
5.83,0.187564
5.84,0.176230
5.85,0.238386
5.86,0.247399
5.87,0.211705
5.89,0.176829
5.90,0.177784
5.91,0.207369
5.92,0.226096
5.93,0.201502
5.94,0.213694
5.96,0.191342
5.97,0.217221
5.98,0.207267
5.99,0.203816
6.00,0.185219
6.01,0.223441
6.03,0.256261
6.04,0.387473
6.05,0.417769
6.06,0.404622
6.07,0.410802
6.08,0.250696
6.10,0.229368
6.11,0.275804
6.12,0.309960
6.13,0.235618
6.14,0.223482
6.15,0.205970
6.16,0.186167
6.18,0.200546
6.19,0.238502
6.20,0.215660
6.21,0.204480
6.22,0.214409
6.23,0.226132
6.25,0.202347
6.26,0.215886
6.27,0.204172
6.28,0.202878
6.29,0.193325
6.30,0.194228
6.32,0.170328
6.33,0.178012
6.34,0.174403
6.35,0.182094
6.36,0.188986
6.37,0.176108
6.39,0.185020
6.40,0.171315
6.41,0.182176
6.42,0.148811
6.43,0.168700
6.44,0.172691
6.46,0.183260
6.47,0.152351
6.48,0.165536
6.49,0.167284
6.50,0.162813
6.51,0.162665
6.52,0.158989
6.54,0.170076
6.55,0.153119
6.56,0.182886
6.57,0.188050
6.58,0.169044
6.59,0.158421
6.61,0.168552
6.62,0.152581
6.63,0.164863
6.64,0.167160
6.65,0.180183
6.66,0.149461
6.68,0.185355
6.69,0.221387
6.70,0.208166
6.71,0.167492
6.72,0.201839
6.73,0.237097
6.75,0.218237
6.76,0.199298
6.77,0.200170
6.78,0.211095
6.79,0.184059
6.80,0.204248
6.82,0.209213
6.83,0.196817
6.84,0.158189
6.85,0.200156
6.86,0.201308
6.87,0.163632
6.88,0.151891
6.90,0.192320
6.91,0.172019
6.92,0.147016
6.93,0.174483
6.94,0.182805
6.95,0.179083
6.97,0.194428
6.98,0.206809
6.99,0.171362
7.00,0.161139
7.01,0.206741
7.02,0.197388
7.04,0.144734
7.05,0.182833
7.06,0.206247
7.07,0.182825
7.08,0.159909
7.09,0.177168
7.11,0.170444
7.12,0.163055
7.13,0.182450
7.14,0.179348
7.15,0.178073
7.16,0.182300
7.17,0.201406
7.19,0.192787
7.20,0.177815
7.21,0.173879
7.22,0.203645
7.23,0.188354
7.24,0.189541
7.26,0.193000
7.27,0.185079
7.28,0.192275
7.29,0.199218
7.30,0.199992
7.31,0.193242
7.33,0.185085
7.34,0.198529
7.35,0.205688
7.36,0.188985
7.37,0.184778
7.38,0.171997
7.40,0.189277
7.41,0.165241
7.42,0.176384
7.43,0.172582
7.44,0.174358
7.45,0.179055
7.47,0.196808
7.48,0.184092
7.49,0.181086
7.50,0.182826
7.51,0.204674
7.52,0.199725
7.53,0.173393
7.55,0.175710
7.56,0.186231
7.57,0.192224
7.58,0.178515
7.59,0.198772
7.60,0.195526
7.62,0.193102
7.63,0.194190
7.64,0.218320
7.65,0.180718
7.66,0.183527
7.67,0.209420
7.69,0.197854
7.70,0.167237
7.71,0.182546
7.72,0.211741
7.73,0.187177
7.74,0.167846
7.76,0.201955
7.77,0.195950
7.78,0.166879
7.79,0.208942
7.80,0.186334
7.81,0.158398
7.83,0.133366
7.84,0.156551
7.85,0.132525
7.86,0.122354
7.87,0.182627
7.88,0.293430
7.89,0.335677
7.91,0.280909
7.92,0.257725
7.93,0.209704
7.94,0.231981
7.95,0.220549
7.96,0.241415
7.98,0.220053
7.99,0.229632
8.00,0.192813
8.01,0.185211
8.02,0.182667
8.03,0.181716
8.05,0.234331
8.06,0.194631
8.07,0.164197
8.08,0.180512
8.09,0.206263
8.10,0.185534
8.12,0.188580
8.13,0.194337
8.14,0.204898
8.15,0.190492
8.16,0.200851
8.17,0.191421
8.19,0.172187
8.20,0.185771
8.21,0.197632
8.22,0.170767
8.23,0.180543
8.24,0.210017
8.25,0.185741
8.27,0.181795
8.28,0.168469
8.29,0.173420
8.30,0.151647
8.31,0.150655
8.32,0.152461
8.34,0.138045
8.35,0.109774
8.36,0.109973
8.37,0.110505
8.38,0.110463
8.39,0.085635
8.41,0.084917
8.42,0.364005
8.43,0.436374
8.44,0.458839
8.45,0.424577
8.46,0.365739
8.48,0.367796
8.49,0.450187
8.50,0.312284
8.51,0.212796
8.52,0.215366
8.53,0.248507
8.54,0.225706
8.56,0.228787
8.57,0.200139
8.58,0.159713
8.59,0.203562
8.60,0.216404
8.61,0.173649
8.63,0.124292
8.64,0.098827
8.65,0.137395
8.66,0.166423
8.67,0.219886
8.68,0.272707
8.70,0.384723
8.71,0.405383
8.72,0.458311
8.73,0.424913
8.74,0.373658
8.75,0.315007
8.77,0.286726
8.78,0.291784
8.79,0.262987
8.80,0.219047
8.81,0.233337
8.82,0.285601
8.84,0.265537
8.85,0.234577
8.86,0.278718
8.87,0.253245
8.88,0.215724
8.89,0.240256
8.90,0.237123
8.92,0.224582
8.93,0.247983
8.94,0.275242
8.95,0.285577
8.96,0.253430
8.97,0.249481
8.99,0.261220
9.00,0.327091
9.01,0.399415
9.02,0.319800
9.03,0.318019
9.04,0.356356
9.06,0.449322
9.07,0.416043
9.08,0.362242
9.09,0.282180
9.10,0.236521
9.11,0.324683
9.13,0.338438
9.14,0.366984
9.15,0.279985
9.16,0.329885
9.17,0.402220
9.18,0.312207
9.20,0.272387
9.21,0.175118
9.22,0.181824
9.23,0.215795
9.24,0.164538
9.25,0.211092
9.26,0.179923
9.28,0.188769
9.29,0.177604
9.30,0.161679
9.31,0.122918
9.32,0.126376
9.33,0.149556
9.35,0.123623
9.36,0.134728
9.37,0.141446
9.38,0.160493
9.39,0.139008
9.40,0.130752
9.42,0.130336
9.43,0.119618
9.44,0.118655
9.45,0.108212
9.46,0.114155
9.47,0.099367
9.49,0.106569
9.50,0.102958
9.51,0.114786
9.52,0.084107
9.53,0.083996
9.54,0.063467
9.56,0.074629
9.57,0.062598
9.58,0.075058
9.59,0.091526
9.60,0.119948
9.61,0.284595
9.62,0.669183
9.64,0.709611
9.65,0.618733
9.66,0.565170
9.67,0.313866
9.68,0.297145
9.69,0.274913
9.71,0.502524
9.72,0.682171
9.73,0.580653
9.74,0.464531
9.75,0.324016
9.76,0.517869
9.78,0.740766
9.79,0.661945
9.80,0.519254
9.81,0.379911
9.82,0.377345
9.83,0.468077
9.85,0.530005
9.86,0.428037
9.87,0.388980
9.88,0.245996
9.89,0.197398
9.90,0.368835
9.91,0.260610
9.93,0.350300
9.94,0.271374
9.95,0.203432
9.96,0.269000
9.97,0.252438
9.98,0.325133
10.00,0.316156
10.01,0.252753
10.02,0.270855
10.03,0.235210
10.04,0.286234
10.05,0.292760
10.07,0.321404
10.08,0.322033
10.09,0.268293
10.10,0.256175
10.11,0.286146
10.12,0.332388
10.14,0.365269
10.15,0.350577
10.16,0.320305
10.17,0.321954
10.18,0.304733
10.19,0.343213
10.21,0.388663
10.22,0.375249
10.23,0.318020
10.24,0.294662
10.25,0.318250
10.26,0.364173
10.27,0.347685
10.29,0.355912
10.30,0.309141
10.31,0.307742
10.32,0.344765
10.33,0.359494
10.34,0.393187
10.36,0.363571
10.37,0.348870
10.38,0.351317
10.39,0.373823
10.40,0.342643
10.41,0.356851
10.43,0.321032
10.44,0.291508
10.45,0.307293
10.46,0.272564
10.47,0.323786
10.48,0.311097
10.50,0.340339
10.51,0.302852
10.52,0.300509
10.53,0.314617
10.54,0.330694
10.55,0.337076
10.57,0.319510
10.58,0.352164
10.59,0.339397
10.60,0.374668
10.61,0.328537
10.62,0.393743
10.63,0.353128
10.65,0.369295
10.66,0.331424
10.67,0.328692
10.68,0.347822
10.69,0.311282
10.70,0.321773
10.72,0.306757
10.73,0.323915
10.74,0.283741
10.75,0.302881
10.76,0.271528
10.77,0.298754
10.79,0.288237
10.80,0.314508
10.81,0.313174
10.82,0.367738
10.83,0.449463
10.84,0.431612
10.86,0.338701
10.87,0.403935
10.88,0.433879
10.89,0.329080
10.90,0.300795
10.91,0.303903
10.92,0.345219
10.94,0.280594
10.95,0.307068
10.96,0.284957
10.97,0.272980
10.98,0.267462
10.99,0.275035
11.01,0.300641
11.02,0.256107
11.03,0.282084
11.04,0.252474
11.05,0.252111
11.06,0.251395
11.08,0.263869
11.09,0.252590
11.10,0.244389
11.11,0.226922
11.12,0.231527
11.13,0.225592
11.15,0.216219
11.16,0.238290
11.17,0.221917
11.18,0.208364
11.19,0.227107
11.20,0.213137
11.22,0.251916
11.23,0.216777
11.24,0.225671
11.25,0.227806
11.26,0.249621
11.27,0.235375
11.28,0.232819
11.30,0.227305
11.31,0.230049
11.32,0.235715
11.33,0.208476
11.34,0.261338
11.35,0.222762
11.37,0.258608
11.38,0.233788
11.39,0.231611
11.40,0.240611
11.41,0.243111
11.42,0.203112
11.44,0.191321
11.45,0.203136
11.46,0.189928
11.47,0.233778
11.48,0.200955
11.49,0.259791
11.51,0.267968
11.52,0.294951
11.53,0.283237
11.54,0.279902
11.55,0.281124
11.56,0.291185
11.58,0.306487
11.59,0.256215
11.60,0.302698
11.61,0.237344
11.62,0.304088
11.63,0.263716
11.64,0.286131
11.66,0.288258
11.67,0.310376
11.68,0.296876
11.69,0.277015
11.70,0.268050
11.71,0.256977
11.73,0.271063
11.74,0.206058
11.75,0.269834
11.76,0.196341
11.77,0.238114
11.78,0.241447
11.80,0.248111
11.81,0.272461
11.82,0.265209
11.83,0.243784
11.84,0.262658
11.85,0.268022
11.87,0.219478
11.88,0.259862
11.89,0.208775
11.90,0.224754
11.91,0.229685
11.92,0.235254
11.94,0.250991
11.95,0.249592
11.96,0.244458
11.97,0.256313
11.98,0.281948
11.99,0.274984
12.00,0.246761
12.02,0.213610
12.03,0.248953
12.04,0.216071
12.05,0.212253
12.06,0.233066
12.07,0.219197
12.09,0.244450
12.10,0.240705
12.11,0.249141
12.12,0.261504
12.13,0.265898
12.14,0.240928
12.16,0.252229
12.17,0.239828
12.18,0.214408
12.19,0.262588
12.20,0.194943
12.21,0.243851
12.23,0.238591
12.24,0.237752
12.25,0.258290
12.26,0.250824
12.27,0.256386
12.28,0.238463
12.29,0.229136
12.31,0.201706
12.32,0.235152
12.33,0.178764
12.34,0.225119
12.35,0.193902
12.36,0.233904
12.38,0.259154
12.39,0.250100
12.40,0.255613
12.41,0.268533
12.42,0.259460
12.43,0.254811
12.45,0.244249
12.46,0.213349
12.47,0.273125
12.48,0.206889
12.49,0.249416
12.50,0.226197
12.52,0.258269
12.53,0.257943
12.54,0.267212
12.55,0.236751
12.56,0.234998
12.57,0.233792
12.59,0.199807
12.60,0.211614
12.61,0.164787
12.62,0.235255
12.63,0.141829
12.64,0.194380
12.65,0.362052
12.67,0.437597
12.68,0.481368
12.69,0.454694
12.70,0.259385
12.71,0.458154
12.72,0.521358
12.74,0.499941
12.75,0.515026
12.76,0.285229
12.77,0.250082
12.78,0.366219
12.79,0.295192
12.81,0.352465
12.82,0.266020
12.83,0.153158
12.84,0.287481
12.85,0.266580
12.86,0.324432
12.88,0.271827
12.89,0.238247
12.90,0.233953
12.91,0.246584
12.92,0.233211
12.93,0.242256
12.95,0.232932
12.96,0.227233
12.97,0.245561
12.98,0.255985
12.99,0.262459
13.00,0.250843
13.01,0.257025
13.03,0.254836
13.04,0.271339
13.05,0.254510
13.06,0.261216
13.07,0.232299
13.08,0.250686
13.10,0.240078
13.11,0.232011
13.12,0.219537
13.13,0.219904
13.14,0.193574
13.15,0.201727
13.17,0.156682
13.18,0.147878
13.19,0.139003
13.20,0.117478
13.21,0.099943
13.22,0.165760
13.24,0.505692
13.25,0.407783
13.26,0.442450
13.27,0.452132
13.28,0.429828
13.29,0.194092
13.31,0.226413
13.32,0.229482
13.33,0.247587
13.34,0.206470
13.35,0.226995
13.36,0.213036
13.37,0.145395
13.39,0.178136
13.40,0.192247
13.41,0.183651
13.42,0.158849
13.43,0.176294
13.44,0.132049
13.46,0.142452
13.47,0.162772
13.48,0.152800
13.49,0.138193
13.50,0.166649
13.51,0.152076
13.53,0.120915
13.54,0.119966
13.55,0.132588
13.56,0.136189
13.57,0.122687
13.58,0.136171
13.60,0.131603
13.61,0.128528
13.62,0.140728
13.63,0.145322
13.64,0.134025
13.65,0.157055
13.66,0.143906
13.68,0.114349
13.69,0.129701
13.70,0.153430
13.71,0.140581
13.72,0.136589
13.73,0.141634
13.75,0.136541
13.76,0.113730
13.77,0.102455
13.78,0.113007
13.79,0.079244
13.80,0.116572
13.82,0.275505
13.83,0.459478
13.84,0.660177
13.85,0.611534
13.86,0.490296
13.87,0.385984
13.89,0.203644
13.90,0.373776
13.91,0.477557
13.92,0.441565
13.93,0.326263
13.94,0.298293
13.96,0.339368
13.97,0.288571
13.98,0.254925
13.99,0.246076
14.00,0.250327
14.01,0.283996
14.02,0.184424
14.04,0.225690
14.05,0.253130
14.06,0.255008
14.07,0.251042
14.08,0.183086
14.09,0.151485
14.11,0.088237
14.12,0.089408
14.13,0.108057
14.14,0.114272
14.15,0.075178
14.16,0.047138
14.18,0.043981
14.19,0.034608
14.20,0.035127
14.21,0.030482
14.22,0.030497
14.23,0.028870
14.25,0.022730
14.26,0.025022
14.27,0.017525
14.28,0.020672
14.29,0.025129
14.30,0.017148
14.32,0.023860
14.33,0.027702
14.34,0.022783
14.35,0.020084
14.36,0.025369
14.37,0.028194
14.38,0.032452
14.40,0.064400
14.41,0.279896
14.42,0.503974
14.43,0.426907
14.44,0.656773
14.45,0.590129
14.47,0.490981
14.48,0.679983
14.49,0.845046
14.50,0.756717
14.51,0.643053
14.52,0.593626
14.54,0.430766
14.55,0.350160
14.56,0.275356
14.57,0.454136
14.58,0.547283
14.59,0.649638
14.61,0.644633
14.62,0.756224
14.63,0.686801
14.64,0.521020
14.65,0.497664
14.66,0.408473
14.68,0.329090
14.69,0.209806
14.70,0.209182
14.71,0.318931
14.72,0.341972
14.73,0.379065
14.74,0.479721
14.76,0.456874
14.77,0.480540
14.78,0.362514
14.79,0.292307
14.80,0.286509
14.81,0.201593
14.83,0.192497
14.84,0.228091
14.85,0.307187
14.86,0.392970
14.87,0.413631
14.88,0.376709
14.90,0.433915
14.91,0.403719
14.92,0.362396
14.93,0.287759
14.94,0.276381
14.95,0.279944
14.97,0.290670
14.98,0.414353
14.99,0.541587
15.00,0.456035
15.01,0.440436
15.02,0.401603
15.03,0.275705
15.05,0.309820
15.06,0.274705
15.07,0.284437
15.08,0.298459
15.09,0.371023
15.10,0.417994
15.12,0.379742
15.13,0.295755
15.14,0.246292
15.15,0.269311
15.16,0.272881
15.17,0.294073
15.19,0.281386
15.20,0.254450
15.21,0.267925
15.22,0.367009
15.23,0.392564
15.24,0.385133
15.26,0.274891
15.27,0.247361
15.28,0.295882
15.29,0.303593
15.30,0.294691
15.31,0.235838
15.33,0.246842
15.34,0.291392
15.35,0.305942
15.36,0.342917
15.37,0.317553
15.38,0.214067
15.39,0.250417
15.41,0.311303
15.42,0.285159
15.43,0.271476
15.44,0.208899
15.45,0.191704
15.46,0.323144
15.48,0.317224
15.49,0.327408
15.50,0.247825
15.51,0.203368
15.52,0.281907
15.53,0.277445
15.55,0.281039
15.56,0.229488
15.57,0.173585
15.58,0.239337
15.59,0.288667
15.60,0.318796
15.62,0.295414
15.63,0.158608
15.64,0.266571
15.65,0.428008
15.66,0.302731
15.67,0.319335
15.69,0.246517
15.70,0.250068
15.71,0.409466
15.72,0.415887
15.73,0.371478
15.74,0.324098
15.75,0.204930
15.77,0.291824
15.78,0.365344
15.79,0.324985
15.80,0.305684
15.81,0.292121
15.82,0.249207
15.84,0.304937
15.85,0.317622
15.86,0.318042
15.87,0.265389
15.88,0.217467
15.89,0.290000
15.91,0.322699
15.92,0.327660
15.93,0.303931
15.94,0.244963
15.95,0.292420
15.96,0.337387
15.98,0.346664
15.99,0.310518
16.00,0.242660
16.01,0.292592
16.02,0.290843
16.03,0.329370
16.04,0.346198
16.06,0.281403
16.07,0.265974
16.08,0.314708
16.09,0.331801
16.10,0.354258
16.11,0.311083
16.13,0.249381
16.14,0.340845
16.15,0.387461
16.16,0.362657
16.17,0.313699
16.18,0.244340
16.20,0.315153
16.21,0.318314
16.22,0.339132
16.23,0.301827
16.24,0.284569
16.25,0.267947
16.27,0.281524
16.28,0.314349
16.29,0.311207
16.30,0.272595
16.31,0.208514
16.32,0.277881
16.34,0.309169
16.35,0.276468
16.36,0.291296
16.37,0.202649
16.38,0.304885
16.39,0.311134
16.40,0.305535
16.42,0.280343
16.43,0.211192
16.44,0.248300
16.45,0.278007
16.46,0.263818
16.47,0.287171
16.49,0.270558
16.50,0.232753
16.51,0.278999
16.52,0.305043
16.53,0.274936
16.54,0.315592
16.56,0.210932
16.57,0.315748
16.58,0.328918
16.59,0.306296
16.60,0.319956
16.61,0.216751
16.63,0.283350
16.64,0.288220
16.65,0.274998
16.66,0.333549
16.67,0.296115
16.68,0.257999
16.70,0.274635
16.71,0.229406
16.72,0.294791
16.73,0.284963
16.74,0.200096
16.75,0.266576
16.76,0.297492
16.78,0.315914
16.79,0.319738
16.80,0.236508
16.81,0.273041
16.82,0.281623
16.83,0.324401
16.85,0.315634
16.86,0.318870
16.87,0.284159
16.88,0.241743
16.89,0.300808
16.90,0.362068
16.92,0.354107
16.93,0.261756
16.94,0.271913
16.95,0.270963
16.96,0.325401
16.97,0.311065
16.99,0.229518
17.00,0.261004
17.01,0.320420
17.02,0.335661
17.03,0.338680
17.04,0.222548
17.06,0.275148
17.07,0.293994
17.08,0.282002
17.09,0.319648
17.10,0.275565
17.11,0.262568
17.12,0.262343
17.14,0.287714
17.15,0.344447
17.16,0.320304
17.17,0.220489
17.18,0.262283
17.19,0.281759
17.21,0.316903
17.22,0.292753
17.23,0.202922
17.24,0.277346
17.25,0.331902
17.26,0.319867
17.28,0.324222
17.29,0.220283
17.30,0.240574
17.31,0.270225
17.32,0.252187
17.33,0.318685
17.35,0.289381
17.36,0.230861
17.37,0.248112
17.38,0.294836
17.39,0.345932
17.40,0.297968
17.41,0.226422
17.43,0.342171
17.44,0.418608
17.45,0.457264
17.46,0.433879
17.47,0.315718
17.48,0.320352
17.50,0.330518
17.51,0.322342
17.52,0.278565
17.53,0.173352
17.54,0.217610
17.55,0.280418
17.57,0.280136
17.58,0.367651
17.59,0.344665
17.60,0.286821
17.61,0.318935
17.62,0.335033
17.64,0.318890
17.65,0.303206
17.66,0.227508
17.67,0.259954
17.68,0.338536
17.69,0.340868
17.71,0.328892
17.72,0.249403
17.73,0.278197
17.74,0.277466
17.75,0.283424
17.76,0.316424
17.77,0.291377
17.79,0.243561
17.80,0.234421
17.81,0.304587
17.82,0.359890
17.83,0.327732
17.84,0.278936
17.86,0.289825
17.87,0.303163
17.88,0.336382
17.89,0.305119
17.90,0.255811
17.91,0.274227
17.93,0.324879
17.94,0.320365
17.95,0.320281
17.96,0.245263
17.97,0.252316
17.98,0.225311
18.00,0.253195
18.01,0.326232
18.02,0.303241
18.03,0.257753
18.04,0.331746
18.05,0.442576
18.07,0.416078
18.08,0.357320
18.09,0.251041
18.10,0.290983
18.11,0.250583
18.12,0.318706
18.13,0.310960
18.15,0.270707
18.16,0.223906
18.17,0.238050
18.18,0.271178
18.19,0.310495
18.20,0.224487
18.22,0.233561
18.23,0.201403
18.24,0.261797
18.25,0.299938
18.26,0.280300
18.27,0.204048
18.29,0.207880
18.30,0.279937
18.31,0.293298
18.32,0.309378
18.33,0.224804
18.34,0.240733
18.36,0.316296
18.37,0.283782
18.38,0.280204
18.39,0.190405
18.40,0.210323
18.41,0.258019
18.43,0.264107
18.44,0.238925
18.45,0.190520
18.46,0.170655
18.47,0.171569
18.48,0.239457
18.49,0.214328
18.51,0.212101
18.52,0.182312
18.53,0.173324
18.54,0.242596
18.55,0.232791
18.56,0.221535
18.58,0.164171
18.59,0.174229
18.60,0.297405
18.61,0.370667
18.62,0.393944
18.63,0.441520
18.65,0.539528
18.66,0.554368
18.67,0.515002
18.68,0.428757
18.69,0.366976
18.70,0.209835
18.72,0.264102
18.73,0.219126
18.74,0.146668
18.75,0.172882
18.76,0.213320
18.77,0.275822
18.78,0.297028
18.80,0.303976
18.81,0.244911
18.82,0.216867
18.83,0.216728
18.84,0.125000
18.85,0.080606
18.87,0.056840
18.88,0.095757
18.89,0.097787
18.90,0.115616
18.91,0.103019
18.92,0.104698
18.94,0.088923
18.95,0.073524
18.96,0.063846
18.97,0.050902
18.98,0.027082
18.99,0.022761
19.01,0.017466
19.02,0.017250
19.03,0.035034
19.04,0.014865
19.05,0.022711
19.06,0.013814
19.08,0.019368
19.09,0.015088
19.10,0.019772
19.11,0.025549
19.12,0.008139
19.13,0.011959
19.14,0.015219
19.16,0.011299
19.17,0.024854
19.18,0.018473
19.19,0.039001
19.20,0.245045
19.21,0.490441
19.23,0.445890
19.24,0.419160
19.25,0.459821
19.26,0.448952
19.27,0.194122
19.28,0.595526
19.30,0.678847
19.31,0.681454
19.32,0.546753
19.33,0.307657
19.34,0.393164
19.35,0.580358
19.37,0.562218
19.38,0.403174
19.39,0.302576
19.40,0.496020
19.41,0.495991
19.42,0.533799
19.44,0.236090
19.45,0.357371
19.46,0.503980
19.47,0.516854
19.48,0.425512
19.49,0.214529
19.50,0.258058
19.52,0.290831
19.53,0.273827
19.54,0.267525
19.55,0.212063
19.56,0.270990
19.57,0.281563
19.59,0.242818
19.60,0.213740
19.61,0.174226
19.62,0.234252
19.63,0.249825
19.64,0.264824
19.66,0.275126
19.67,0.209417
19.68,0.276397
19.69,0.294794
19.70,0.252287
19.71,0.253108
19.73,0.212290
19.74,0.272580
19.75,0.276017
19.76,0.262736
19.77,0.235746
19.78,0.255639
19.80,0.273927
19.81,0.216596
19.82,0.241089
19.83,0.236580
19.84,0.219292
19.85,0.298239
19.86,0.238342
19.88,0.227465
19.89,0.237905
19.90,0.341828
19.91,0.291426
19.92,0.257491
19.93,0.262407
19.95,0.252811
19.96,0.308645
19.97,0.252254
19.98,0.238723
19.99,0.215189
20.00,0.231459
20.02,0.248556
20.03,0.259555
20.04,0.262994
20.05,0.200299
20.06,0.210341
20.07,0.264044
20.09,0.250212
20.10,0.218872
20.11,0.261733
20.12,0.270439
20.13,0.242807
20.14,0.255207
20.15,0.254672
20.17,0.257266
20.18,0.264248
20.19,0.229604
20.20,0.238198
20.21,0.276203
20.22,0.277565
20.24,0.246685
20.25,0.240309
20.26,0.231516
20.27,0.233043
20.28,0.254863
20.29,0.232732
20.31,0.202505
20.32,0.216194
20.33,0.211656
20.34,0.197747
20.35,0.215121
20.36,0.229086
20.38,0.202402
20.39,0.224124
20.40,0.178475
20.41,0.157035
20.42,0.240944
20.43,0.424219
20.45,0.489156
20.46,0.447769
20.47,0.381484
20.48,0.366864
20.49,0.356255
20.50,0.334076
20.51,0.238246
20.53,0.170286
20.54,0.226603
20.55,0.221126
20.56,0.179251
20.57,0.173752
20.58,0.228882
20.60,0.252795
20.61,0.226932
20.62,0.214021
20.63,0.201592
20.64,0.220916
20.65,0.236930
20.67,0.239860
20.68,0.218856
20.69,0.182611
20.70,0.187495
20.71,0.210933
20.72,0.209669
20.74,0.212767
20.75,0.191055
20.76,0.196343
20.77,0.176149
20.78,0.212854
20.79,0.201548
20.81,0.175590
20.82,0.170330
20.83,0.168585
20.84,0.164637
20.85,0.205127
20.86,0.198424
20.87,0.157944
20.89,0.158167
20.90,0.160195
20.91,0.147582
20.92,0.163295
20.93,0.149267
20.94,0.117939
20.96,0.127783
20.97,0.142832
20.98,0.137355
20.99,0.158233
21.00,0.159466
21.01,0.138864
21.03,0.141015
21.04,0.160669
21.05,0.175841
21.06,0.205008
21.07,0.227486
21.08,0.209194
21.10,0.228235
21.11,0.183372
21.12,0.224474
21.13,0.231281
21.14,0.203044
21.15,0.204885
21.16,0.245538
21.18,0.228891
21.19,0.197756
21.20,0.204652
21.21,0.217471
21.22,0.212686
21.23,0.206826
21.25,0.216296
21.26,0.218024
21.27,0.192939
21.28,0.216121
21.29,0.201942
21.30,0.202456
21.32,0.192139
21.33,0.205114
21.34,0.208267
21.35,0.184973
21.36,0.266179
21.37,0.272353
21.39,0.217455
21.40,0.204742
21.41,0.260535
21.42,0.280329
21.43,0.251716
21.44,0.236222
21.46,0.267917
21.47,0.242130
21.48,0.230582
21.49,0.264839
21.50,0.249848
21.51,0.197864
21.52,0.219980
21.54,0.245467
21.55,0.246098
21.56,0.197854
21.57,0.240812
21.58,0.249284
21.59,0.186907
21.61,0.185654
21.62,0.214368
21.63,0.212485
21.64,0.227797
21.65,0.277255
21.66,0.268592
21.68,0.184961
21.69,0.253907
21.70,0.276435
21.71,0.205099
21.72,0.180905
21.73,0.252545
21.75,0.299174
21.76,0.199897
21.77,0.234948
21.78,0.207514
21.79,0.145352
21.80,0.154243
21.82,0.173136
21.83,0.156141
21.84,0.122853
21.85,0.163462
21.86,0.185922
21.87,0.162763
21.88,0.182458
21.90,0.175943
21.91,0.143743
21.92,0.150664
21.93,0.167490
21.94,0.155214
21.95,0.146902
21.97,0.173522
21.98,0.172857
21.99,0.179049
22.00,0.174128
22.01,0.195923
22.02,0.213057
22.04,0.198120
22.05,0.175428
22.06,0.181127
22.07,0.176685
22.08,0.164975
22.09,0.196935
22.11,0.201286
22.12,0.179853
22.13,0.186806
22.14,0.222653
22.15,0.198520
22.16,0.234329
22.18,0.244741
22.19,0.223519
22.20,0.204091
22.21,0.193177
22.22,0.544169
22.23,0.637425
22.24,0.673592
22.26,0.548870
22.27,0.399536
22.28,0.594744
22.29,0.666817
22.30,0.664994
22.31,0.601533
22.33,0.276034
22.34,0.477091
22.35,0.470594
22.36,0.445495
22.37,0.332824
22.38,0.475374
22.40,0.513513
22.41,0.557169
22.42,0.352444
22.43,0.163307
22.44,0.248986
22.45,0.268504
22.47,0.314557
22.48,0.275056
22.49,0.218176
22.50,0.244760
22.51,0.229360
22.52,0.197710
22.53,0.226697
22.55,0.258152
22.56,0.240778
22.57,0.280139
22.58,0.234987
22.59,0.206118
22.60,0.181690
22.62,0.207027
22.63,0.225664
22.64,0.210540
22.65,0.205075
22.66,0.192734
22.67,0.190674
22.69,0.176025
22.70,0.162795
22.71,0.134289
22.72,0.137587
22.73,0.139577
22.74,0.136315
22.76,0.112193
22.77,0.105421
22.78,0.123415
22.79,0.124461
22.80,0.105513
22.81,0.117248
22.83,0.180507
22.84,0.332457
22.85,0.597945
22.86,0.580187
22.87,0.453003
22.88,0.362627
22.89,0.433745
22.91,0.324501
22.92,0.280353
22.93,0.241869
22.94,0.231621
22.95,0.259861
22.96,0.290133
22.98,0.294767
22.99,0.237415
23.00,0.292658
23.01,0.280440
23.02,0.292626
23.03,0.366503
23.05,0.291859
23.06,0.266152
23.07,0.360256
23.08,0.395887
23.09,0.344420
23.10,0.318619
23.12,0.329174
23.13,0.329561
23.14,0.327088
23.15,0.362652
23.16,0.284597
23.17,0.247217
23.19,0.295517
23.20,0.353068
23.21,0.275760
23.22,0.238134
23.23,0.252594
23.24,0.213293
23.25,0.261025
23.27,0.261885
23.28,0.238057
23.29,0.189819
23.30,0.186444
23.31,0.245894
23.32,0.234504
23.34,0.185291
23.35,0.193259
23.36,0.152144
23.37,0.200619
23.38,0.252272
23.39,0.253225
23.41,0.223981
23.42,0.214177
23.43,0.266344
23.44,0.327048
23.45,0.368929
23.46,0.502150
23.48,0.432977
23.49,0.321856
23.50,0.260551
23.51,0.351974
23.52,0.361024
23.53,0.322367
23.55,0.232776
23.56,0.202736
23.57,0.267698
23.58,0.258258
23.59,0.271203
23.60,0.189003
23.61,0.156343
23.63,0.203496
23.64,0.183511
23.65,0.187019
23.66,0.114045
23.67,0.144256
23.68,0.212770
23.70,0.215840
23.71,0.188155
23.72,0.118394
23.73,0.161736
23.74,0.208999
23.75,0.168184
23.77,0.138760
23.78,0.155622
23.79,0.161808
23.80,0.169631
23.81,0.172564
23.82,0.149957
23.84,0.145516
23.85,0.169270
23.86,0.179358
23.87,0.151081
23.88,0.174772
23.89,0.168598
23.90,0.163113
23.92,0.152497
23.93,0.156238
23.94,0.129840
23.95,0.133120
23.96,0.132299
23.97,0.207291
23.99,0.229316
24.00,0.476892
24.01,0.560254
24.02,0.578511
24.03,0.656112
24.04,0.551023
24.06,0.519482
24.07,0.422636
24.08,0.490142
24.09,0.615993
24.10,0.641533
24.11,0.573786
24.13,0.589334
24.14,0.622726
24.15,0.642754
24.16,0.499622
24.17,0.333467
24.18,0.543609
24.20,0.635672
24.21,0.493043
24.22,0.347251
24.23,0.303660
24.24,0.465035
24.25,0.407842
24.26,0.355329
24.28,0.246987
24.29,0.296624
24.30,0.364551
24.31,0.323609
24.32,0.276936
24.33,0.164493
24.35,0.271313
24.36,0.297755
24.37,0.242236
24.38,0.220603
24.39,0.203024
24.40,0.242662
24.42,0.218993
24.43,0.241583
24.44,0.207923
24.45,0.253281
24.46,0.225057
24.47,0.246421
24.49,0.181853
24.50,0.239504
24.51,0.247366
24.52,0.187682
24.53,0.214824
24.54,0.208672
24.56,0.223019
24.57,0.206354
24.58,0.220598
24.59,0.197538
24.60,0.249748
24.61,0.250280
24.62,0.245257
24.64,0.149440
24.65,0.177777
24.66,0.217401
24.67,0.191306
24.68,0.182193
24.69,0.207970
24.71,0.203869
24.72,0.205174
24.73,0.218733
24.74,0.193765
24.75,0.187660
24.76,0.234852
24.78,0.237038
24.79,0.195840
24.80,0.174183
24.81,0.237879
24.82,0.242453
24.83,0.195738
24.85,0.191793
24.86,0.213599
24.87,0.232561
24.88,0.222313
24.89,0.216213
24.90,0.171017
24.92,0.192071
24.93,0.231913
24.94,0.239164
24.95,0.165560
24.96,0.168885
24.97,0.233128
24.98,0.230128
25.00,0.187611
25.01,0.206588
25.02,0.222294
25.03,0.211487
25.04,0.197032
25.05,0.200663
25.07,0.185210
25.08,0.168633
25.09,0.193399
25.10,0.165353
25.11,0.165033
25.12,0.179185
25.14,0.176526
25.15,0.182915
25.16,0.160247
25.17,0.178781
25.18,0.158589
25.19,0.163533
25.21,0.200307
25.22,0.317920
25.23,0.455076
25.24,0.460805
25.25,0.368358
25.26,0.348439
25.27,0.304514
25.29,0.311368
25.30,0.375302
25.31,0.340374
25.32,0.290371
25.33,0.320590
25.34,0.335444
25.36,0.284764
25.37,0.279688
25.38,0.285006
25.39,0.281912
25.40,0.250542
25.41,0.287140
25.43,0.321138
25.44,0.261749
25.45,0.262185
25.46,0.271671
25.47,0.288265
25.48,0.217616
25.50,0.239288
25.51,0.271682
25.52,0.232767
25.53,0.229498
25.54,0.300043
25.55,0.259571
25.57,0.201680
25.58,0.226996
25.59,0.289311
25.60,0.246958
25.61,0.225647
25.62,0.263921
25.63,0.250267
25.65,0.233936
25.66,0.272455
25.67,0.265541
25.68,0.244493
25.69,0.179242
25.70,0.237219
25.72,0.238529
25.73,0.178357
25.74,0.177211
25.75,0.179612
25.76,0.190718
25.77,0.173616
25.79,0.164105
25.80,0.166187
25.81,0.168274
25.82,0.166761
25.83,0.182960
25.84,0.159319
25.86,0.170848
25.87,0.226048
25.88,0.225785
25.89,0.182475
25.90,0.172165
25.91,0.227542
25.93,0.260978
25.94,0.210823
25.95,0.184316
25.96,0.217390
25.97,0.250839
25.98,0.246527
25.99,0.253216
26.01,0.213275
26.02,0.214555
26.03,0.222533
26.04,0.233352
26.05,0.205699
26.06,0.171260
26.08,0.206213
26.09,0.213093
26.10,0.184976
26.11,0.165461
26.12,0.197321
26.13,0.210449
26.15,0.175544
26.16,0.165773
26.17,0.199177
26.18,0.194784
26.19,0.177491
26.20,0.193795
26.22,0.175842
26.23,0.175739
26.24,0.210198
26.25,0.225835
26.26,0.172587
26.27,0.172360
26.28,0.217249
26.30,0.217619
26.31,0.157320
26.32,0.179775
26.33,0.210085
26.34,0.197883
26.35,0.209314
26.37,0.218268
26.38,0.197364
26.39,0.193054
26.40,0.218855
26.41,0.208617
26.42,0.181426
26.44,0.211378
26.45,0.227081
26.46,0.229631
26.47,0.197478
26.48,0.232737
26.49,0.258675
26.51,0.218687
26.52,0.199107
26.53,0.206081
26.54,0.226108
26.55,0.218892
26.56,0.214824
26.58,0.187836
26.59,0.216463
26.60,0.206840
26.61,0.223537
26.62,0.190635
26.63,0.151198
26.64,0.214131
26.66,0.228562
26.67,0.202096
26.68,0.155664
26.69,0.207240
26.70,0.235844
26.71,0.198837
26.73,0.184588
26.74,0.165918
26.75,0.181643
26.76,0.216231
26.77,0.236676
26.78,0.177428
26.80,0.150638
26.81,0.224853
26.82,0.237270
26.83,0.180383
26.84,0.160901
26.85,0.198868
26.87,0.212280
26.88,0.174483
26.89,0.194452
26.90,0.196737
26.91,0.169165
26.92,0.190086
26.94,0.186743
26.95,0.172023
26.96,0.152626
26.97,0.188491
26.98,0.195011
26.99,0.149607
27.00,0.148615
27.02,0.169842
27.03,0.175784
27.04,0.148703
27.05,0.175764
27.06,0.249819
27.07,0.313962
27.09,0.302371
27.10,0.341951
27.11,0.309516
27.12,0.228718
27.13,0.367138
27.14,0.332973
27.16,0.237427
27.17,0.260744
27.18,0.337888
27.19,0.304714
27.20,0.212528
27.21,0.285287
27.23,0.310108
27.24,0.237569
27.25,0.200850
27.26,0.205240
27.27,0.198229
27.28,0.215928
27.30,0.216288
27.31,0.175395
27.32,0.156657
27.33,0.221646
27.34,0.218368
27.35,0.175361
27.36,0.138853
27.38,0.214203
27.39,0.214701
27.40,0.183313
27.41,0.181972
27.42,0.193599
27.43,0.202866
27.45,0.181409
27.46,0.167610
27.47,0.142051
27.48,0.132973
27.49,0.147930
27.50,0.150559
27.52,0.099269
27.53,0.090931
27.54,0.106656
27.55,0.121532
27.56,0.090755
27.57,0.098004
27.59,0.106293
27.60,0.105274
27.61,0.089102
27.62,0.243247
27.63,0.337264
27.64,0.475903
27.65,0.415007
27.67,0.306307
27.68,0.307589
27.69,0.260841
27.70,0.236741
27.71,0.208151
27.72,0.208762
27.74,0.129372
27.75,0.100707
27.76,0.125391
27.77,0.153165
27.78,0.155470
27.79,0.127757
27.81,0.122907
27.82,0.130286
27.83,0.138415
27.84,0.129284
27.85,0.123735
27.86,0.119199
27.88,0.139393
27.89,0.120304
27.90,0.117688
27.91,0.124626
27.92,0.114191
27.93,0.087070
27.95,0.100409
27.96,0.115695
27.97,0.096020
27.98,0.099030
27.99,0.102558
28.00,0.115924
28.01,0.106042
28.03,0.117574
28.04,0.109665
28.05,0.085971
28.06,0.180969
28.07,0.228398
28.08,0.202189
28.10,0.223823
28.11,0.370546
28.12,0.375457
28.13,0.312258
28.14,0.397536
28.15,0.336458
28.17,0.279166
28.18,0.339505
28.19,0.282370
28.20,0.320412
28.21,0.319322
28.22,0.479259
28.24,0.469479
28.25,0.298921
28.26,0.339976
28.27,0.391314
28.28,0.367650
28.29,0.393392
28.31,0.319922
28.32,0.203283
28.33,0.203492
28.34,0.295382
28.35,0.320791
28.36,0.254103
28.37,0.227800
28.39,0.314633
28.40,0.283705
28.41,0.235955
28.42,0.213943
28.43,0.235552
28.44,0.215667
28.46,0.190197
28.47,0.189844
28.48,0.146244
28.49,0.155037
28.50,0.152602
28.51,0.160950
28.53,0.121232
28.54,0.121821
28.55,0.112647
28.56,0.110469
28.57,0.109167
28.58,0.109405
28.60,0.087027
28.61,0.082706
28.62,0.077462
28.63,0.082933
28.64,0.079702
28.65,0.079898
28.67,0.082431
28.68,0.071772
28.69,0.050998
28.70,0.054099
28.71,0.050217
28.72,0.047500
28.73,0.036001
28.75,0.027737
28.76,0.031561
28.77,0.037085
28.78,0.030557
28.79,0.058535
28.80,0.179911
28.82,0.532279
28.83,0.561728
28.84,0.510936
28.85,0.390455
28.86,0.589161
28.87,0.601150
28.89,0.542225
28.90,0.500529
28.91,0.277839
28.92,0.558316
28.93,0.553872
28.94,0.475664
28.96,0.614632
28.97,0.554038
28.98,0.665901
28.99,0.594900
29.00,0.444928
29.01,0.317011
29.02,0.266066
29.04,0.406631
29.05,0.418878
29.06,0.406964
29.07,0.297071
29.08,0.242848
29.09,0.227839
29.11,0.286496
29.12,0.321514
29.13,0.287789
29.14,0.267255
29.15,0.219310
29.16,0.236550
29.18,0.264044
29.19,0.259555
29.20,0.290682
29.21,0.246956
29.22,0.251343
29.23,0.236176
29.25,0.256053
29.26,0.282801
29.27,0.282013
29.28,0.309442
29.29,0.292968
29.30,0.277497
29.32,0.309168
29.33,0.286695
29.34,0.360593
29.35,0.342677
29.36,0.332870
29.37,0.328275
29.38,0.343185
29.40,0.352502
29.41,0.341592
29.42,0.331507
29.43,0.342755
29.44,0.332297
29.45,0.288058
29.47,0.346341
29.48,0.331820
29.49,0.356511
29.50,0.320907
29.51,0.357347
29.52,0.351285
29.54,0.376575
29.55,0.381736
29.56,0.413549
29.57,0.378083
29.58,0.350315
29.59,0.368797
29.61,0.377279
29.62,0.387551
29.63,0.323445
29.64,0.351795
29.65,0.318928
29.66,0.345158
29.68,0.322382
29.69,0.343140
29.70,0.344609
29.71,0.331755
29.72,0.299898
29.73,0.292419
29.74,0.393090
29.76,0.337157
29.77,0.393152
29.78,0.348314
29.79,0.402815
29.80,0.394993
29.81,0.397642
29.83,0.382151
29.84,0.403574
29.85,0.391558
29.86,0.352220
29.87,0.370094
