0.00,1.930825
0.01,1.263505
0.02,1.559898
0.03,1.408024
0.05,0.732462
0.06,0.349313
0.07,0.359272
0.08,0.366343
0.09,0.279592
0.10,0.284165
0.12,0.230107
0.13,0.276790
0.14,0.234905
0.15,0.247128
0.16,0.215082
0.17,0.226566
0.19,0.141229
0.20,0.193128
0.21,0.235664
0.22,0.259032
0.23,0.184985
0.24,0.170869
0.26,0.266379
0.27,0.285156
0.28,0.218636
0.29,0.162221
0.30,0.210497
0.31,0.232232
0.33,0.190360
0.34,0.154349
0.35,0.181630
0.36,0.183721
0.37,0.176894
0.38,0.143941
0.39,0.182594
0.41,0.169872
0.42,0.172587
0.43,0.141251
0.44,0.149888
0.45,0.143974
0.46,0.182913
0.48,0.156659
0.49,0.149641
0.50,0.128746
0.51,0.170406
0.52,0.132232
0.53,0.105672
0.55,0.114521
0.56,0.128371
0.57,0.141078
0.58,0.136276
0.59,0.132742
0.60,0.131058
0.62,0.152261
0.63,0.167684
0.64,0.142259
0.65,0.116648
0.66,0.157369
0.67,0.142864
0.68,0.129069
0.70,0.111934
0.71,0.126797
0.72,0.152317
0.73,0.145006
0.74,0.112138
0.75,0.139941
0.77,0.164324
0.78,0.128325
0.79,0.115641
0.80,0.135450
0.81,0.157176
0.82,0.150071
0.84,0.112449
0.85,0.117595
0.86,0.138347
0.87,0.144651
0.88,0.134612
0.89,0.121475
0.91,0.146331
0.92,0.154074
0.93,0.131330
0.94,0.115728
0.95,0.129186
0.96,0.140971
0.98,0.138359
0.99,0.117241
1.00,0.129125
1.01,0.142042
1.02,0.157631
1.03,0.134884
1.04,0.137203
1.06,0.147789
1.07,0.148203
1.08,0.173956
1.09,0.146410
1.10,0.148338
1.11,0.169862
1.13,0.136808
1.14,0.141107
1.15,0.141157
1.16,0.170490
1.17,0.143695
1.18,0.138837
1.20,0.181524
1.21,0.196892
1.22,0.177258
1.23,0.874035
1.24,1.182099
1.25,1.121440
1.27,0.837451
1.28,0.647340
1.29,0.720230
1.30,0.548232
1.31,0.439542
1.32,0.383344
1.34,0.299281
1.35,0.294074
1.36,0.285436
1.37,0.331434
1.38,0.316056
1.39,0.283505
1.40,0.326494
1.42,0.284820
1.43,0.218077
1.44,0.172826
1.45,0.220967
1.46,0.234904
1.47,0.219286
1.49,0.190814
1.50,0.203988
1.51,0.192438
1.52,0.204238
1.53,0.134627
1.54,0.172452
1.56,0.168705
1.57,0.176312
1.58,0.137055
1.59,0.147587
1.60,0.152520
1.61,0.217961
1.63,0.147455
1.64,0.122593
1.65,0.151857
1.66,0.182390
1.67,0.141456
1.68,0.125117
1.70,0.149036
1.71,0.170651
1.72,0.159249
1.73,0.139746
1.74,0.144490
1.75,0.150659
1.76,0.150303
1.78,0.133860
1.79,0.114050
1.80,0.140975
1.81,0.144739
1.82,0.120470
1.83,0.117045
1.85,0.158689
1.86,0.145460
1.87,0.125758
1.88,0.104691
1.89,0.110969
1.90,0.154728
1.92,0.127051
1.93,0.098669
1.94,0.121798
1.95,0.128161
1.96,0.124991
1.97,0.114132
1.99,0.128547
2.00,0.140383
2.01,0.140487
2.02,0.124243
2.03,0.124754
2.04,0.151275
2.05,0.151170
2.07,0.135752
2.08,0.097813
2.09,0.141830
2.10,0.138998
2.11,0.124603
2.12,0.103665
2.14,0.125959
2.15,0.163322
2.16,0.127538
2.17,0.098129
2.18,0.111007
2.19,0.142678
2.21,0.132782
2.22,0.127438
2.23,0.138565
2.24,0.136135
2.25,0.149019
2.26,0.132271
2.28,0.122084
2.29,0.139754
2.30,0.144979
2.31,0.122932
2.32,0.102438
2.33,0.155370
2.35,0.136752
2.36,0.122348
2.37,0.121004
2.38,1.087487
2.39,1.985223
2.40,1.496975
2.41,1.529374
2.43,1.434317
2.44,0.610056
2.45,0.341614
2.46,0.358984
2.47,0.283703
2.48,0.323758
2.50,0.308550
2.51,0.352039
2.52,0.245547
2.53,0.204533
2.54,0.273463
2.55,0.255289
2.57,0.188007
2.58,0.171980
2.59,0.290660
2.60,0.224266
2.61,0.166253
2.62,0.158238
2.64,0.277659
2.65,0.211758
2.66,0.176250
2.67,0.144006
2.68,0.255840
2.69,0.220823
2.71,0.269182
2.72,0.135341
2.73,0.170134
2.74,0.233660
2.75,0.316734
2.76,0.182603
2.77,0.133920
2.79,0.186637
2.80,0.206683
2.81,0.195759
2.82,0.136279
2.83,0.179186
2.84,0.183985
2.86,0.180237
2.87,0.122074
2.88,0.158558
2.89,0.159075
2.90,0.180899
2.91,0.152161
2.93,0.147584
2.94,0.135837
2.95,0.159482
2.96,0.124942
2.97,0.115481
2.98,0.121217
3.00,0.214637
3.01,0.150604
3.02,0.126428
3.03,0.131857
3.04,0.145206
3.05,0.153724
3.07,0.143420
3.08,0.100841
3.09,0.094108
3.10,0.101567
3.11,0.115208
3.12,0.123983
3.13,0.092863
3.15,0.095860
3.16,0.122393
3.17,0.119834
3.18,0.108311
3.19,0.092774
3.20,0.123437
3.22,0.118600
3.23,0.103964
3.24,0.128982
3.25,0.125260
3.26,0.110558
3.27,0.101692
3.29,0.110487
3.30,0.118527
3.31,0.109048
3.32,0.092437
3.33,0.077022
3.34,0.117413
3.36,0.106271
3.37,0.130814
3.38,0.075595
3.39,0.092266
3.40,0.104860
3.41,0.144460
3.42,0.090044
3.44,0.087025
3.45,0.098245
3.46,0.096899
3.47,0.093188
3.48,0.088347
3.49,0.117335
3.51,0.099057
3.52,0.087780
3.53,0.085601
3.54,0.102740
3.55,0.097470
3.56,0.073537
3.58,0.061229
3.59,1.185387
3.60,1.758549
3.61,1.790031
3.62,1.584759
3.63,1.185958
3.65,0.845399
3.66,0.859886
3.67,0.631907
3.68,0.541615
3.69,0.633029
3.70,0.455396
3.72,0.373700
3.73,0.340264
3.74,0.331603
3.75,0.302468
3.76,0.286822
3.77,0.293205
3.78,0.294186
3.80,0.314978
3.81,0.341510
3.82,0.240027
3.83,0.294672
3.84,0.321507
3.85,0.299984
3.87,0.224923
3.88,0.186613
3.89,0.224453
3.90,0.235575
3.91,0.183941
3.92,0.183707
3.94,0.236741
3.95,0.221150
3.96,0.150188
3.97,0.171332
3.98,0.229196
3.99,0.204387
4.01,0.158948
4.02,0.135626
4.03,0.214612
4.04,0.212244
4.05,0.242109
4.06,0.167217
4.08,0.168715
4.09,0.217797
4.10,0.234548
4.11,0.175834
4.12,0.149337
4.13,0.193689
4.14,0.201466
4.16,0.187286
4.17,0.149140
4.18,0.191157
4.19,0.194323
4.20,0.177705
4.21,0.197327
4.23,0.174665
4.24,0.172847
4.25,0.160136
4.26,0.144412
4.27,0.153866
4.28,0.148912
4.30,0.143286
4.31,0.137702
4.32,0.151382
4.33,0.153360
4.34,0.176309
4.35,0.156370
4.37,0.149463
4.38,0.150355
4.39,0.148476
4.40,0.170788
4.41,0.165043
4.42,0.143414
4.44,0.134026
4.45,0.144502
4.46,0.145128
4.47,0.141845
4.48,0.129451
4.49,0.139588
4.50,0.161126
4.52,0.156068
4.53,0.139239
4.54,0.144333
4.55,0.146185
4.56,0.144619
4.57,0.133735
4.59,0.164037
4.60,0.143525
4.61,0.141640
4.62,0.135886
4.63,0.160644
4.64,0.149943
4.66,0.139545
4.67,0.132487
4.68,0.131926
4.69,0.139019
4.70,0.138728
4.71,0.127756
4.73,0.132941
4.74,0.134267
4.75,0.137497
4.76,0.130926
4.77,0.081695
4.78,0.527836
4.79,1.727599
4.81,1.908197
4.82,1.387048
4.83,1.197907
4.84,0.871622
4.85,0.530171
4.86,0.483381
4.88,0.374516
4.89,0.330215
4.90,0.295221
4.91,0.352725
4.92,0.379836
4.93,0.280034
4.95,0.217122
4.96,0.191680
4.97,0.197467
4.98,0.197461
4.99,0.185093
5.00,0.176949
5.02,0.173914
5.03,0.167506
5.04,0.207406
5.05,0.209728
5.06,0.121146
5.07,0.110517
5.09,0.151649
5.10,0.159884
5.11,0.164466
5.12,0.138418
5.13,0.140266
5.14,0.161193
5.15,0.142027
5.17,0.160469
5.18,0.126833
5.19,0.181103
5.20,0.201070
5.21,0.202251
5.22,0.131860
5.24,0.187464
5.25,0.158204
5.26,0.171165
5.27,0.139656
5.28,0.126390
5.29,0.173709
5.31,0.152357
5.32,0.106209
5.33,0.089225
5.34,0.167078
5.35,0.117295
5.36,0.107342
5.38,0.057644
5.39,0.110386
5.40,0.116122
5.41,0.141716
5.42,0.084075
5.43,0.110231
5.45,0.110944
5.46,0.111781
5.47,0.077808
5.48,0.104390
5.49,0.107593
5.50,0.112886
5.51,0.071048
5.53,0.117279
5.54,0.124993
5.55,0.117644
5.56,0.077873
5.57,0.118516
5.58,0.141474
5.60,0.142970
5.61,0.081743
5.62,0.098610
5.63,0.141246
5.64,0.118759
5.65,0.108631
5.67,0.089687
5.68,0.115711
5.69,0.109114
5.70,0.140800
5.71,0.136521
5.72,0.144693
5.74,0.119087
5.75,0.128211
5.76,0.131836
5.77,0.114814
5.78,0.131045
5.79,0.095605
5.80,0.090617
5.82,0.136319
5.83,0.146340
5.84,0.123220
5.85,0.083082
5.86,0.109480
5.87,0.137687
5.89,0.135218
5.90,0.092836
5.91,0.125164
5.92,0.133875
5.93,0.108057
5.94,0.127211
5.96,0.095874
5.97,0.106950
5.98,0.077890
5.99,1.693302
6.00,2.211495
6.01,1.532217
6.03,1.298416
6.04,1.120757
6.05,0.891963
6.06,0.822601
6.07,0.720532
6.08,0.517074
6.10,0.559436
6.11,0.481715
6.12,0.426499
6.13,0.371118
6.14,0.352956
6.15,0.262499
6.16,0.276805
6.18,0.259623
6.19,0.266126
6.20,0.246990
6.21,0.259290
6.22,0.273126
6.23,0.274335
6.25,0.224705
6.26,0.264538
6.27,0.195107
6.28,0.210329
6.29,0.205932
6.30,0.228486
6.32,0.160977
6.33,0.170183
6.34,0.225153
6.35,0.198623
6.36,0.156195
6.37,0.191709
6.39,0.180134
6.40,0.164194
6.41,0.177363
6.42,0.152835
6.43,0.171540
6.44,0.160444
6.46,0.145733
6.47,0.113550
6.48,0.136639
6.49,0.138149
6.50,0.128669
6.51,0.102451
6.52,0.136199
6.54,0.143115
6.55,0.167429
6.56,0.123890
6.57,0.138286
6.58,0.131496
6.59,0.100845
6.61,0.167922
6.62,1.465433
6.63,1.703102
6.64,1.192719
6.65,1.553885
6.66,1.110448
6.68,0.534773
6.69,0.249171
6.70,0.269441
6.71,0.279900
6.72,0.265211
6.73,0.240460
6.75,0.268405
6.76,0.255548
6.77,0.253493
6.78,0.141331
6.79,0.278995
6.80,0.286383
6.82,0.267120
6.83,0.237952
6.84,0.212303
6.85,0.193442
6.86,0.263495
6.87,0.169609
6.88,0.147304
6.90,0.212429
6.91,0.224533
6.92,0.167863
6.93,0.163493
6.94,0.197012
6.95,0.220334
6.97,0.200211
6.98,0.151998
6.99,0.175082
7.00,0.190901
7.01,0.175874
7.02,0.190413
7.04,0.158380
7.05,0.183484
7.06,0.199353
7.07,0.221106
7.08,0.194307
7.09,0.208694
7.11,0.189963
7.12,0.198008
7.13,0.186201
7.14,0.218776
7.15,0.278779
7.16,0.171222
7.17,0.196558
7.19,1.777789
7.20,2.139017
7.21,1.401739
7.22,1.416229
7.23,0.993301
7.24,0.799457
7.26,0.446563
7.27,0.383944
7.28,0.292097
7.29,0.337815
7.30,0.280502
7.31,0.412572
7.33,0.423309
7.34,0.445913
7.35,0.305954
7.36,0.353884
7.37,0.369602
7.38,0.321996
7.40,0.286647
7.41,0.270944
7.42,0.197940
7.43,0.282376
7.44,0.233468
7.45,0.232119
7.47,0.189226
7.48,0.230256
7.49,0.244587
7.50,0.305252
7.51,0.156063
7.52,0.231483
7.53,0.238164
7.55,0.297257
7.56,0.195065
7.57,0.206799
7.58,0.241456
7.59,0.244830
7.60,0.124803
7.62,0.212797
7.63,0.230846
7.64,0.260783
7.65,0.158139
7.66,0.199175
7.67,0.208960
7.69,0.249495
7.70,0.133958
7.71,0.206380
7.72,0.179855
7.73,0.195158
7.74,0.191226
7.76,0.206029
7.77,0.175369
7.78,0.237768
7.79,0.210715
7.80,0.204683
7.81,0.240088
7.83,0.208799
7.84,0.189352
7.85,0.173887
7.86,0.213646
7.87,0.210200
7.88,0.190953
7.89,0.194015
7.91,0.210574
7.92,0.159149
7.93,0.209457
7.94,0.234271
7.95,0.244977
7.96,0.164083
7.98,0.194038
7.99,0.162834
8.00,0.261116
8.01,0.180901
8.02,0.243630
8.03,0.237683
8.05,0.202779
8.06,0.215071
8.07,0.196194
8.08,0.170732
8.09,0.199742
8.10,0.240655
8.12,0.203983
8.13,0.199922
8.14,0.236041
8.15,0.217341
8.16,0.179461
8.17,0.150907
8.19,0.264199
8.20,0.227820
8.21,0.152211
8.22,0.151896
8.23,0.199626
8.24,0.236416
8.25,0.201149
8.27,0.181082
8.28,0.190786
8.29,0.204310
8.30,0.192196
8.31,0.184250
8.32,0.171579
8.34,0.201627
8.35,0.191757
8.36,0.139666
8.37,0.150575
8.38,1.484879
8.39,1.996575
8.41,1.667962
8.42,1.507145
8.43,1.244614
8.44,0.981763
8.45,0.863986
8.46,0.679169
8.48,0.553856
8.49,0.513171
8.50,0.506148
8.51,0.420083
8.52,0.389108
8.53,0.336973
8.54,0.305726
8.56,0.336513
8.57,0.315370
8.58,0.340269
8.59,0.298965
8.60,0.257054
8.61,0.286485
8.63,0.328857
8.64,0.316975
8.65,0.232174
8.66,0.255911
8.67,0.261127
8.68,0.241849
8.70,0.247960
8.71,0.262834
8.72,0.274148
8.73,0.266545
8.74,0.232695
8.75,0.247161
8.77,0.218550
8.78,0.227592
8.79,0.231045
8.80,0.200972
8.81,0.192628
8.82,0.224545
8.84,0.228289
8.85,0.211816
8.86,0.221448
8.87,0.241811
8.88,0.225416
8.89,0.260598
8.90,0.225365
8.92,0.222774
8.93,0.208672
8.94,0.216920
8.95,0.206889
8.96,0.167527
8.97,0.157093
8.99,0.953007
9.00,1.615291
9.01,1.295401
9.02,1.292182
9.03,1.088220
9.04,0.592239
9.06,0.340605
9.07,0.403359
9.08,0.384457
9.09,0.277029
9.10,0.282494
9.11,0.312112
9.13,0.298570
9.14,0.349494
9.15,0.294118
9.16,0.410208
9.17,0.345610
9.18,0.253268
9.20,0.211480
9.21,0.287926
9.22,0.232364
9.23,0.250206
9.24,0.261512
9.25,0.296737
9.26,0.201612
9.28,0.219328
9.29,0.216102
9.30,0.248723
9.31,0.217023
9.32,0.190589
9.33,0.243900
9.35,0.255418
9.36,0.236499
9.37,0.202086
9.38,0.178381
9.39,0.205082
9.40,0.240429
9.42,0.254122
9.43,0.200773
9.44,0.169735
9.45,0.241456
9.46,0.257097
9.47,0.206876
9.49,0.186496
9.50,0.238908
9.51,0.220697
9.52,0.220632
9.53,0.190651
9.54,0.238798
9.56,0.212358
9.57,0.195531
9.58,0.284744
9.59,1.529800
9.60,2.027861
9.61,1.399336
9.62,1.560647
9.64,1.396050
9.65,0.671909
9.66,0.453712
9.67,0.376461
9.68,0.363011
9.69,0.268960
9.71,0.259081
9.72,0.228327
9.73,0.225539
9.74,0.190687
9.75,0.235605
9.76,0.200717
9.78,0.253536
9.79,0.222221
9.80,0.225471
9.81,0.208498
9.82,0.274461
9.83,0.168683
9.85,0.219450
9.86,0.188595
9.87,0.248397
9.88,0.192949
9.89,0.224363
9.90,0.184069
9.91,0.235517
9.93,0.145556
9.94,0.223992
9.95,0.185067
9.96,0.275800
9.97,0.194582
9.98,0.221233
10.00,0.199167
10.01,0.246117
10.02,0.219121
10.03,0.160015
10.04,0.189227
10.05,0.208417
10.07,0.217591
10.08,0.143530
10.09,0.172574
10.10,0.136227
10.11,0.174054
10.12,0.148535
10.14,0.147644
10.15,0.116559
10.16,0.132056
10.17,0.138276
10.18,1.033987
10.19,1.781931
10.21,1.445086
10.22,1.435210
10.23,1.267681
10.24,0.438506
10.25,0.277315
10.26,0.178454
10.27,0.243143
10.29,0.252246
10.30,0.220893
10.31,0.182008
10.32,0.233199
10.33,0.206430
10.34,0.203407
10.36,0.173720
10.37,0.193268
10.38,0.165333
10.39,0.158819
10.40,0.144780
10.41,0.173309
10.43,0.127543
10.44,0.123735
10.45,0.100442
10.46,0.121646
10.47,0.103669
10.48,0.124290
10.50,0.139524
10.51,0.180853
10.52,0.126570
10.53,0.133615
10.54,0.121552
10.55,0.194525
10.57,0.129744
10.58,0.117806
10.59,0.121506
10.60,0.124809
10.61,0.121255
10.62,0.111306
10.63,0.134521
10.65,0.105298
10.66,0.119143
10.67,0.104107
10.68,0.129631
10.69,0.104916
10.70,0.096062
10.72,0.101620
10.73,0.109662
10.74,0.095261
10.75,0.107868
10.76,0.078395
10.77,0.124926
10.79,1.650607
10.80,1.774812
10.81,1.434066
10.82,1.253989
10.83,1.082978
10.84,0.720404
10.86,0.779590
10.87,0.592705
10.88,0.521529
10.89,0.437192
10.90,0.371330
10.91,0.402775
10.92,0.368288
10.94,0.256615
10.95,0.318068
10.96,0.315714
10.97,0.335398
10.98,0.259605
10.99,0.264176
11.01,0.277019
11.02,0.257932
11.03,0.207577
11.04,0.209985
11.05,0.229873
11.06,0.211416
11.08,0.220361
11.09,0.177263
11.10,0.192367
11.11,0.213786
11.12,0.194466
11.13,0.159977
11.15,0.183759
11.16,0.194036
11.17,0.166762
11.18,0.132806
11.19,0.160282
11.20,0.178350
11.22,0.199228
11.23,0.106766
11.24,0.135925
11.25,0.168071
11.26,0.188813
11.27,0.122289
11.28,0.111277
11.30,0.162468
11.31,0.161485
11.32,0.141732
11.33,0.116228
11.34,0.131083
11.35,0.129127
11.37,0.089352
11.38,0.089906
11.39,0.118030
11.40,0.126914
11.41,0.099727
11.42,0.102524
11.44,0.111967
11.45,0.102833
11.46,0.085074
11.47,0.065014
11.48,0.082354
11.49,0.081349
11.51,0.085533
11.52,0.059423
11.53,0.070529
11.54,0.088019
11.55,0.095559
11.56,0.052266
11.58,0.083145
11.59,0.093639
11.60,0.099396
11.61,0.070519
11.62,0.066762
11.63,0.072885
11.64,0.075807
11.66,0.067468
11.67,0.059725
11.68,0.088172
11.69,0.076133
11.70,0.059446
11.71,0.078788
11.73,0.117371
11.74,0.120397
11.75,0.111656
11.76,0.066618
11.77,0.089123
11.78,0.096629
11.80,0.078812
11.81,0.061409
11.82,0.073086
11.83,0.066377
11.84,0.078095
11.85,0.071826
11.87,0.070086
11.88,0.078965
11.89,0.074426
11.90,0.065339
11.91,0.069247
11.92,0.065315
11.94,0.067886
11.95,0.053772
11.96,0.060914
11.97,0.053335
11.98,1.106482
11.99,2.202551
12.00,1.693246
12.02,1.749817
12.03,1.396123
12.04,0.555897
12.05,0.429751
12.06,0.372003
12.07,0.437158
12.09,0.439074
12.10,0.326592
12.11,0.359841
12.12,0.370693
12.13,0.343559
12.14,0.292265
12.16,0.284087
12.17,0.337259
12.18,0.325424
12.19,0.295272
12.20,0.276990
12.21,0.238794
12.23,0.278620
12.24,0.304006
12.25,0.208268
12.26,0.237598
12.27,0.302944
12.28,0.253200
12.29,0.210479
12.31,0.273113
12.32,0.269779
12.33,0.199068
12.34,0.229909
12.35,0.276513
12.36,0.319840
12.38,0.218573
12.39,0.256729
12.40,0.274207
12.41,0.251431
12.42,0.219082
12.43,0.203694
12.45,0.295229
12.46,0.245949
12.47,0.222304
12.48,0.205245
12.49,0.231737
12.50,0.246194
12.52,0.243663
12.53,0.178860
12.54,0.233925
12.55,0.222121
12.56,0.253764
12.57,0.188911
12.59,0.236186
12.60,0.248764
12.61,0.258778
12.62,0.229103
12.63,0.242184
12.64,0.200016
12.65,0.183639
12.67,0.196122
12.68,0.237444
12.69,0.190027
12.70,0.201063
12.71,0.203991
12.72,0.213946
12.74,0.184333
12.75,0.232395
12.76,0.227945
12.77,0.213472
12.78,0.207830
12.79,0.190123
12.81,0.225533
12.82,0.227538
12.83,0.181709
12.84,0.178841
12.85,0.197536
12.86,0.228964
12.88,0.273815
12.89,0.159867
12.90,0.169748
12.91,0.237382
12.92,0.222247
12.93,0.159878
12.95,0.192097
12.96,0.213306
12.97,0.204881
12.98,0.182263
12.99,0.179442
13.00,0.204099
13.01,0.184354
13.03,0.201694
13.04,0.195186
13.05,0.212211
13.06,0.208433
13.07,0.178401
13.08,0.179905
13.10,0.155770
13.11,0.215572
13.12,0.174233
13.13,0.153009
13.14,0.153199
13.15,0.172872
13.17,0.161190
13.18,0.141395
13.19,1.864060
13.20,2.326414
13.21,1.485024
13.22,1.418947
13.24,1.340264
13.25,0.929162
13.26,0.865278
13.27,0.784050
13.28,0.653067
13.29,0.643760
13.31,0.530822
13.32,0.403745
13.33,0.390365
13.34,0.391306
13.35,0.337281
13.36,0.312721
13.37,0.324489
13.39,0.306033
13.40,0.305538
13.41,0.284023
13.42,0.224275
13.43,0.300199
13.44,0.304615
13.46,0.278532
13.47,0.248471
13.48,0.266660
13.49,0.277560
13.50,0.229770
13.51,0.251394
13.53,0.248167
13.54,0.252795
13.55,0.247810
13.56,0.235991
13.57,0.221851
13.58,0.207416
13.60,0.203873
13.61,0.158551
13.62,0.183498
13.63,0.197108
13.64,0.226914
13.65,0.197935
13.66,0.138538
13.68,0.171783
13.69,0.184632
13.70,0.162772
13.71,0.115021
13.72,0.163834
13.73,0.137906
13.75,0.146642
13.76,0.140892
13.77,0.815655
13.78,1.512081
13.79,1.510290
13.80,1.276255
13.82,1.014143
13.83,0.738798
13.84,0.442650
13.85,0.433217
13.86,0.621472
13.87,0.570075
13.89,0.492432
13.90,0.424740
13.91,0.266718
13.92,0.373655
13.93,0.420670
13.94,0.316244
13.96,0.387008
13.97,0.477251
13.98,0.458542
13.99,0.281493
14.00,0.275173
14.01,0.280726
14.02,0.236286
14.04,0.264352
14.05,0.243146
14.06,0.242055
14.07,0.181713
14.08,0.229317
14.09,0.191251
14.11,0.183229
14.12,0.143375
14.13,0.205961
14.14,0.225511
14.15,0.218526
14.16,0.159869
14.18,0.151941
14.19,0.184104
14.20,0.205535
14.21,0.164009
14.22,0.125450
14.23,0.157229
14.25,0.153110
14.26,0.166791
14.27,0.127380
14.28,0.174816
14.29,0.196171
14.30,0.200477
14.32,0.154287
14.33,0.162387
14.34,0.181091
14.35,0.163507
14.36,0.116267
14.37,0.185186
14.38,1.561166
14.40,2.228399
14.41,1.686838
14.42,1.576734
14.43,1.224066
14.44,0.752660
14.45,0.451782
14.47,0.387305
14.48,0.334241
14.49,0.341097
14.50,0.424139
14.51,0.282503
14.52,0.317809
14.54,0.304706
14.55,0.305672
14.56,0.151668
14.57,0.224826
14.58,0.309488
14.59,0.313131
14.61,0.161081
14.62,0.235931
14.63,0.289650
14.64,0.288067
14.65,0.143413
14.66,0.216811
14.68,0.230907
14.69,0.244945
14.70,0.177238
14.71,0.198057
14.72,0.225562
14.73,0.252677
14.74,0.180038
14.76,0.237136
14.77,0.195419
14.78,0.220212
14.79,0.149823
14.80,0.221337
14.81,0.194293
14.83,0.244880
14.84,0.225770
14.85,0.188619
14.86,0.227896
14.87,0.188738
14.88,0.257706
14.90,0.162732
14.91,0.209269
14.92,0.192199
14.93,0.198983
14.94,0.153030
14.95,0.201154
14.97,0.173138
14.98,0.187067
14.99,0.199983
15.00,0.218379
15.01,0.172020
15.02,0.205894
15.03,0.148698
15.05,0.163312
15.06,0.147703
15.07,0.194088
15.08,0.164007
15.09,0.160194
15.10,0.133712
15.12,0.165094
15.13,0.179618
15.14,0.146871
15.15,0.149664
15.16,0.150753
15.17,0.179327
15.19,0.176310
15.20,0.179356
15.21,0.153874
15.22,0.160736
15.23,0.179313
15.24,0.144319
15.26,0.140305
15.27,0.139243
15.28,0.175879
15.29,0.156791
15.30,0.128015
15.31,0.149618
15.33,0.134604
15.34,0.167390
15.35,0.130792
15.36,0.165534
15.37,0.165104
15.38,0.163657
15.39,0.140618
15.41,0.160061
15.42,0.201752
15.43,0.133078
15.44,0.144273
15.45,0.156212
15.46,0.176407
15.48,0.176172
15.49,0.147597
15.50,0.172466
15.51,0.170210
15.52,0.204003
15.53,0.146609
15.55,0.131589
15.56,0.178101
15.57,0.161519
15.58,0.582480
15.59,1.235990
15.60,1.323346
15.62,1.069263
15.63,0.856428
15.64,0.739570
15.65,0.656478
15.66,0.525554
15.67,0.546007
15.69,0.422424
15.70,0.385673
15.71,0.348312
15.72,0.363797
15.73,0.312797
15.74,0.305149
15.75,0.331767
15.77,0.315172
15.78,0.313339
15.79,0.318814
15.80,0.278630
15.81,0.281925
15.82,0.239590
15.84,0.251483
15.85,0.277734
15.86,0.261412
15.87,0.237986
15.88,0.214267
15.89,0.242147
15.91,0.281872
15.92,0.222550
15.93,0.197352
15.94,0.239254
15.95,0.296144
15.96,0.242494
15.98,0.238547
15.99,0.281718
16.00,0.200737
16.01,0.215213
16.02,0.217573
16.03,0.218629
16.04,0.230792
16.06,0.220859
16.07,0.204598
16.08,0.180967
16.09,0.203302
16.10,0.228028
16.11,0.213896
16.13,0.174965
16.14,0.222933
16.15,0.216688
16.16,0.188425
16.17,0.167548
16.18,0.198458
16.20,0.261923
16.21,0.220446
16.22,0.185340
16.23,0.199309
16.24,0.204706
16.25,0.198423
16.27,0.206338
16.28,0.206617
16.29,0.198804
16.30,0.195166
16.31,0.188211
16.32,0.178134
16.34,0.194237
16.35,0.201144
16.36,0.187259
16.37,0.159597
16.38,0.219400
16.39,0.221840
16.40,0.186505
16.42,0.154723
16.43,0.209884
16.44,0.235220
16.45,0.190882
16.46,0.154287
16.47,0.161850
16.49,0.228157
16.50,0.182104
16.51,0.176373
16.52,0.184240
16.53,0.179067
16.54,0.185892
16.56,0.192793
16.57,0.194306
16.58,0.178971
16.59,0.180609
16.60,0.182456
16.61,0.160452
16.63,0.184767
16.64,0.215914
16.65,0.168888
16.66,0.138531
16.67,0.191892
16.68,0.200522
16.70,0.173785
16.71,0.163957
16.72,0.183917
16.73,0.196591
16.74,0.181824
16.75,0.129375
16.76,0.170534
16.78,0.836209
16.79,1.826874
16.80,1.826640
16.81,1.442727
16.82,1.456710
16.83,1.201010
16.85,0.803298
16.86,0.489386
16.87,0.367224
16.88,0.363324
16.89,0.383771
16.90,0.395582
16.92,0.278306
16.93,0.305958
16.94,0.311199
16.95,0.226751
16.96,0.214534
16.97,0.229942
16.99,0.318011
17.00,0.267538
17.01,0.229781
17.02,0.189485
17.03,0.262097
17.04,0.185510
17.06,0.296948
17.07,0.223437
17.08,0.251282
17.09,0.221654
17.10,0.284700
17.11,0.241664
17.12,0.231326
17.14,0.189848
17.15,0.292149
17.16,0.243994
17.17,0.217804
17.18,0.200103
17.19,0.234161
17.21,0.235125
17.22,0.294476
17.23,0.258672
17.24,0.233220
17.25,0.217141
17.26,0.232578
17.28,0.256559
17.29,0.224682
17.30,0.206089
17.31,0.177542
17.32,0.186778
17.33,0.205825
17.35,0.218145
17.36,0.148910
17.37,0.256415
17.38,1.436823
17.39,1.800300
17.40,1.297112
17.41,1.543831
17.43,1.295289
17.44,0.566411
17.45,0.369937
17.46,0.365241
17.47,0.372296
17.48,0.379228
17.50,0.245010
17.51,0.231125
17.52,0.300968
17.53,0.210973
17.54,0.172420
17.55,0.170634
17.57,0.214164
17.58,0.224344
17.59,0.175684
17.60,0.175020
17.61,0.241105
17.62,0.177656
17.64,0.242451
17.65,0.178555
17.66,0.203841
17.67,0.132708
17.68,0.200632
17.69,0.163840
17.71,0.228003
17.72,0.136898
17.73,0.154384
17.74,0.151470
17.75,0.179195
17.76,0.149514
17.77,0.141819
17.79,0.148377
17.80,0.147265
17.81,0.125713
17.82,0.137835
17.83,0.138591
17.84,0.137779
17.86,0.105412
17.87,0.140928
17.88,0.134313
17.89,0.141136
17.90,0.105231
17.91,0.096794
17.93,0.111996
17.94,0.119693
17.95,0.105299
17.96,0.079139
17.97,0.065275
17.98,1.764038
18.00,2.210567
18.01,1.623057
18.02,1.323749
18.03,1.138706
18.04,1.084932
18.05,0.909504
18.07,0.845964
18.08,0.615181
18.09,0.558507
18.10,0.496059
18.11,0.374359
18.12,0.440246
18.13,0.331859
18.15,0.315313
18.16,0.309599
18.17,0.285870
18.18,0.293156
18.19,0.323451
18.20,0.292659
18.22,0.225948
18.23,0.251226
18.24,0.297021
18.25,0.199888
18.26,0.189115
18.27,0.198343
18.29,0.173846
18.30,0.161590
18.31,0.170375
18.32,0.170460
18.33,0.144232
18.34,0.133973
18.36,0.149714
18.37,0.171866
18.38,0.152072
18.39,0.127960
18.40,0.128680
18.41,0.136857
18.43,0.154272
18.44,0.156343
18.45,0.136666
18.46,0.150027
18.47,0.138657
18.48,0.111501
18.49,0.085596
18.51,0.112662
18.52,0.116943
18.53,0.094533
18.54,0.064929
18.55,0.109718
18.56,0.101563
18.58,0.101967
18.59,0.818640
18.60,1.569908
18.61,1.478754
18.62,1.513070
18.63,1.067737
18.65,0.733961
18.66,0.364024
18.67,0.191762
18.68,0.353031
18.69,0.443904
18.70,0.328567
18.72,0.310085
18.73,0.239224
18.74,0.238968
18.75,0.194031
18.76,0.234773
18.77,0.195454
18.78,0.230492
18.80,0.212217
18.81,0.176764
18.82,0.159165
18.83,0.208527
18.84,0.190947
18.85,0.173040
18.87,0.134410
18.88,0.225676
18.89,0.205700
18.90,0.212949
18.91,0.190119
18.92,0.232674
18.94,0.226821
18.95,0.192988
18.96,0.132395
18.97,0.195302
18.98,0.171276
18.99,0.189993
19.01,0.165386
19.02,0.218745
19.03,0.189458
19.04,0.174095
19.05,0.140564
19.06,0.166712
19.08,0.196070
19.09,0.212657
19.10,0.185081
19.11,0.132484
19.12,0.161311
19.13,0.165418
19.14,0.163872
19.16,0.118144
19.17,0.123572
19.18,0.168337
19.19,1.540813
19.20,2.154850
19.21,1.568487
19.23,1.725287
19.24,1.503094
19.25,0.642540
19.26,0.328501
19.27,0.402857
19.28,0.459679
19.30,0.370278
19.31,0.332892
19.32,0.329816
19.33,0.374602
19.34,0.335169
19.35,0.337449
19.37,0.348009
19.38,0.252657
19.39,0.290684
19.40,0.252132
19.41,0.323903
19.42,0.248288
19.44,0.298520
19.45,0.298613
19.46,0.309762
19.47,0.207092
19.48,0.246957
19.49,0.272543
19.50,0.314510
19.52,0.239612
19.53,0.248856
19.54,0.270733
19.55,0.286456
19.56,0.293582
19.57,0.258899
19.59,0.241163
19.60,0.268434
19.61,0.270513
19.62,0.244800
19.63,0.240112
19.64,0.237119
19.66,0.266367
19.67,0.261369
19.68,0.252354
19.69,0.221029
19.70,0.250021
19.71,0.246615
19.73,0.240460
19.74,0.189270
19.75,0.228081
19.76,0.248195
19.77,0.266494
19.78,0.213644
19.80,0.217645
19.81,0.255698
19.82,0.271092
19.83,0.233776
19.84,0.197279
19.85,0.236022
19.86,0.234677
19.88,0.234430
19.89,0.167023
19.90,0.221642
19.91,0.241124
19.92,0.263446
19.93,0.204156
19.95,0.220897
19.96,0.254336
19.97,0.266554
19.98,0.173732
19.99,0.173931
20.00,0.232806
20.02,0.242517
20.03,0.186592
20.04,0.153980
20.05,0.208580
20.06,0.231466
20.07,0.185782
20.09,0.172950
20.10,0.208117
20.11,0.214974
20.12,0.192836
20.13,0.153437
20.14,0.181810
20.15,0.216676
20.17,0.216604
20.18,0.168518
20.19,0.182978
20.20,0.223218
20.21,0.211879
20.22,0.192387
20.24,0.199243
20.25,0.244331
20.26,0.229128
20.27,0.222933
20.28,0.180282
20.29,0.192923
20.31,0.237915
20.32,0.190424
20.33,0.176210
20.34,0.226131
20.35,0.243227
20.36,0.228732
20.38,0.158111
20.39,0.769572
20.40,1.706854
20.41,1.931498
20.42,1.497529
20.43,1.323151
20.45,1.147787
20.46,0.881512
20.47,0.894007
20.48,0.651526
20.49,0.537655
20.50,0.485685
20.51,0.359489
20.53,0.362051
20.54,0.365259
20.55,0.264030
20.56,0.287550
20.57,0.262928
20.58,0.217740
20.60,0.267964
20.61,0.271550
20.62,0.202271
20.63,0.174438
20.64,0.237903
20.65,0.212958
20.67,0.200940
20.68,0.221139
20.69,0.205987
20.70,0.212569
20.71,0.230054
20.72,0.176002
20.74,0.161904
20.75,0.152988
20.76,0.172585
20.77,0.172979
20.78,0.163081
20.79,0.145609
20.81,0.184387
20.82,0.168034
20.83,0.138806
20.84,0.121252
20.85,0.141235
20.86,0.149236
20.87,0.141247
20.89,0.153661
20.90,0.144925
20.91,0.136547
20.92,0.137375
20.93,0.139678
20.94,0.138992
20.96,0.139802
20.97,0.114056
20.98,0.105565
20.99,0.138299
21.00,0.673148
21.01,1.460861
21.03,1.229012
21.04,1.545468
21.05,1.353352
21.06,0.684271
21.07,0.475624
21.08,0.265810
21.10,0.230214
21.11,0.273547
21.12,0.195150
21.13,0.218194
21.14,0.269419
21.15,0.297061
21.16,0.172043
21.18,0.189953
21.19,0.194145
21.20,0.230217
21.21,0.122610
21.22,0.155028
21.23,0.159503
21.25,0.196686
21.26,0.176052
21.27,0.164674
21.28,0.181959
21.29,0.161249
21.30,0.165425
21.32,0.112445
21.33,0.125091
21.34,0.122060
21.35,0.123861
21.36,0.119038
21.37,0.119968
21.39,0.134193
21.40,0.158132
21.41,0.184785
21.42,0.171410
21.43,0.156491
21.44,0.128581
21.46,0.119761
21.47,0.115257
21.48,0.127075
21.49,0.115548
21.50,0.126500
21.51,0.128106
21.52,0.138079
21.54,0.127087
21.55,0.123082
21.56,0.102442
21.57,0.099265
21.58,0.102085
21.59,1.296028
21.61,2.134399
21.62,1.477004
21.63,1.773983
21.64,1.273605
21.65,0.545562
21.66,0.359175
21.68,0.423313
21.69,0.319312
21.70,0.278486
21.71,0.231836
21.72,0.262619
21.73,0.290904
21.75,0.243564
21.76,0.200595
21.77,0.258929
21.78,0.231753
21.79,0.254750
21.80,0.149097
21.82,0.202647
21.83,0.205562
21.84,0.229179
21.85,0.146431
21.86,0.224705
21.87,0.220011
21.88,0.265006
21.90,0.188238
21.91,0.278374
21.92,0.263816
21.93,0.231007
21.94,0.181881
21.95,0.242614
21.97,0.188090
21.98,0.188511
21.99,0.159201
22.00,0.187214
22.01,0.188300
22.02,0.210965
22.04,0.175780
22.05,0.135709
22.06,0.178946
22.07,0.168925
22.08,0.154725
22.09,0.138613
22.11,0.154577
22.12,0.149775
22.13,0.131267
22.14,0.136581
22.15,0.147606
22.16,0.117764
22.18,0.113135
22.19,0.117161
22.20,0.163254
22.21,0.157637
22.22,0.160136
22.23,0.127063
22.24,0.117073
22.26,0.141071
22.27,0.145109
22.28,0.100544
22.29,0.108119
22.30,0.159713
22.31,0.127197
22.33,0.129746
22.34,0.112893
22.35,0.141480
22.36,0.132365
22.37,0.140986
22.38,0.144270
22.40,0.139579
22.41,0.120177
22.42,0.133228
22.43,0.124765
22.44,0.118547
22.45,0.140848
22.47,0.114357
22.48,0.104830
22.49,0.143985
22.50,0.137988
22.51,0.129365
22.52,0.096987
22.53,0.117126
22.55,0.135197
22.56,0.124537
22.57,0.106170
22.58,0.130599
22.59,0.148575
22.60,0.123880
22.62,0.129271
22.63,0.129419
22.64,0.146845
22.65,0.139204
22.66,0.130399
22.67,0.137018
22.69,0.134116
22.70,0.122329
22.71,0.101187
22.72,0.102339
22.73,0.115410
22.74,0.140981
22.76,0.090991
22.77,0.068908
22.78,0.096398
22.79,0.095777
22.80,0.147882
22.81,0.293890
22.83,0.340780
22.84,0.283614
22.85,0.249993
22.86,0.232726
22.87,0.206388
22.88,0.182373
22.89,0.150853
22.91,0.139751
22.92,0.148361
22.93,0.136867
22.94,0.143551
22.95,0.120284
22.96,0.109092
22.98,0.123635
22.99,0.135991
23.00,0.113617
23.01,0.122674
23.02,0.123811
23.03,0.104192
23.05,0.102741
23.06,0.142449
23.07,0.120246
23.08,0.108951
23.09,0.090849
23.10,0.104646
23.12,0.135334
23.13,0.110809
23.14,0.086677
23.15,0.094173
23.16,0.096457
23.17,0.102280
23.19,0.101918
23.20,0.103981
23.21,0.088149
23.22,0.116240
23.23,0.095001
23.24,0.090904
23.25,0.086439
23.27,0.101376
23.28,0.126110
23.29,0.089091
23.30,0.105980
23.31,0.118700
23.32,0.090216
23.34,0.090971
23.35,0.083184
23.36,0.128524
23.37,0.081823
23.38,0.100779
23.39,0.069073
23.41,0.050575
23.42,1.608764
23.43,2.168473
23.44,1.580552
23.45,1.183386
23.46,0.974473
23.48,0.951166
23.49,0.754799
23.50,0.582787
23.51,0.517053
23.52,0.499898
23.53,0.494321
23.55,0.427461
23.56,0.338589
23.57,0.337436
23.58,0.291915
23.59,0.278709
23.60,0.365749
23.61,0.356481
23.63,0.260065
23.64,0.257591
23.65,0.287246
23.66,0.274477
23.67,0.171419
23.68,0.180532
23.70,0.190039
23.71,0.181892
23.72,0.175351
23.73,0.149739
23.74,0.163303
23.75,0.159273
23.77,0.167783
23.78,0.116797
23.79,0.124955
23.80,0.135935
23.81,0.118324
23.82,0.095001
23.84,0.086943
23.85,0.092555
23.86,0.084544
23.87,0.073534
23.88,0.074576
23.89,0.076692
23.90,0.068482
23.92,0.050130
23.93,0.068160
23.94,0.067934
23.95,0.045895
23.96,0.034284
23.97,0.065136
23.99,1.277296
24.00,2.097353
24.01,1.537194
24.02,1.494634
24.03,1.330620
24.04,0.531753
24.06,0.373509
24.07,0.369469
24.08,0.397267
24.09,0.451983
24.10,0.348772
24.11,0.328986
24.13,0.415764
24.14,0.377205
24.15,0.219293
24.16,0.253719
24.17,0.395288
24.18,0.365120
24.20,0.300745
24.21,0.279334
24.22,0.269027
24.23,0.323130
24.24,0.309469
24.25,0.230167
24.26,0.247028
24.28,0.314069
24.29,0.228391
24.30,0.218453
24.31,0.259366
24.32,0.257275
24.33,0.205347
24.35,0.218645
24.36,0.246246
24.37,0.255322
24.38,0.203046
24.39,0.244788
24.40,0.308170
24.42,0.247615
24.43,0.202731
24.44,0.220598
24.45,0.272595
24.46,0.254250
24.47,0.186140
24.49,0.156955
24.50,0.229120
24.51,0.252858
24.52,0.273732
24.53,0.230295
24.54,0.225227
24.56,0.216264
24.57,0.232945
24.58,0.559246
24.59,1.298643
24.60,1.284145
24.61,1.151370
24.62,1.095037
24.64,0.837713
24.65,0.554689
24.66,0.285701
24.67,0.270564
24.68,0.297486
24.69,0.243980
24.71,0.244046
24.72,0.192042
24.73,0.254982
24.74,0.211018
24.75,0.216484
24.76,0.193236
24.78,0.234800
24.79,0.247612
24.80,0.286604
24.81,0.227149
24.82,0.168362
24.83,0.175529
24.85,0.225873
24.86,0.152907
24.87,0.145809
24.88,0.155760
24.89,0.196690
24.90,0.162434
24.92,0.176560
24.93,0.170077
24.94,0.192073
24.95,0.151180
24.96,0.179357
24.97,0.152784
24.98,0.144669
25.00,0.160438
25.01,0.163782
25.02,0.185953
25.03,0.150854
25.04,0.136903
25.05,0.139460
25.07,0.144389
25.08,0.171136
25.09,0.171285
25.10,0.133407
25.11,0.148236
25.12,0.150794
25.14,0.163920
25.15,0.128140
25.16,0.139961
25.17,0.117992
25.18,0.858635
25.19,1.868901
25.21,1.737555
25.22,1.182449
25.23,1.181863
25.24,0.974440
25.25,0.639599
25.26,0.644049
25.27,0.680099
25.29,0.504096
25.30,0.487924
25.31,0.391205
25.32,0.405047
25.33,0.487128
25.34,0.217239
25.36,0.261709
25.37,0.286739
25.38,0.310416
25.39,0.244668
25.40,0.262089
25.41,0.239196
25.43,0.252921
25.44,0.198426
25.45,0.204326
25.46,0.216864
25.47,0.213858
25.48,0.199836
25.50,0.171864
25.51,0.184645
25.52,0.180742
25.53,0.168038
25.54,0.148741
25.55,0.182691
25.57,0.191861
25.58,0.202893
25.59,0.114728
25.60,0.149407
25.61,0.175105
25.62,0.181910
25.63,0.112192
25.65,0.139415
25.66,0.166257
25.67,0.162002
25.68,0.107249
25.69,0.104504
25.70,0.158548
25.72,0.142490
25.73,0.135399
25.74,0.146972
25.75,0.119156
25.76,0.118352
25.77,0.115233
25.79,0.109419
25.80,0.113660
25.81,0.135971
25.82,0.116815
25.83,0.094911
25.84,0.087809
25.86,0.095529
25.87,0.081601
25.88,0.053370
25.89,0.072180
25.90,0.085583
25.91,0.088272
25.93,0.059529
25.94,0.086507
25.95,0.095006
25.96,0.085095
25.97,0.071514
25.98,0.071645
25.99,0.080299
26.01,0.078348
26.02,0.074180
26.03,0.064225
26.04,0.069178
26.05,0.073082
26.06,0.067219
26.08,0.074539
26.09,0.080195
26.10,0.090843
26.11,0.089774
26.12,0.082271
26.13,0.098764
26.15,0.089848
26.16,0.110994
26.17,0.093394
26.18,0.104760
26.19,0.078603
26.20,0.077930
26.22,0.073752
26.23,0.080779
26.24,0.067542
26.25,0.075138
26.26,0.060252
26.27,0.078000
26.28,0.072879
26.30,0.077561
26.31,0.060222
26.32,0.072489
26.33,0.068715
26.34,0.058127
26.35,0.056191
26.37,0.057385
26.38,1.035671
26.39,1.837598
26.40,1.626339
26.41,1.643421
26.42,1.551469
26.44,0.878896
26.45,0.551884
26.46,0.338722
26.47,0.427178
26.48,0.423391
26.49,0.307619
26.51,0.451027
26.52,0.523995
26.53,0.431643
26.54,0.308959
26.55,0.370243
26.56,0.306911
26.58,0.270102
26.59,0.242155
26.60,0.252923
26.61,0.248324
26.62,0.188227
26.63,0.200915
26.64,0.259131
26.66,0.245772
26.67,0.154721
26.68,0.187973
26.69,0.284879
26.70,0.248189
26.71,0.234630
26.73,0.165238
26.74,0.173623
26.75,0.257895
26.76,0.292314
26.77,0.158544
26.78,0.170975
26.80,0.220477
26.81,0.238798
26.82,0.156452
26.83,0.203086
26.84,0.227045
26.85,0.246349
26.87,0.184372
26.88,0.192538
26.89,0.214176
26.90,0.216018
26.91,0.166968
26.92,0.185013
26.94,0.210007
26.95,0.206182
26.96,0.166136
26.97,0.157793
26.98,0.174341
26.99,0.218690
27.00,0.249988
27.02,0.173782
27.03,0.216982
27.04,0.195334
27.05,0.192962
27.06,0.161863
27.07,0.178189
27.09,0.200003
27.10,0.180407
27.11,0.172692
27.12,0.180766
27.13,0.174583
27.14,0.174686
27.16,0.153683
27.17,0.183706
27.18,0.169629
27.19,0.167953
27.20,0.175728
27.21,0.147824
27.23,0.155210
27.24,0.163705
27.25,0.184733
27.26,0.151251
27.27,0.169477
27.28,0.174154
27.30,0.194355
27.31,0.139452
27.32,0.147764
27.33,0.167297
27.34,0.153225
27.35,0.140664
27.36,0.180873
27.38,0.178924
27.39,0.146240
27.40,0.142353
27.41,0.159804
27.42,0.128980
27.43,0.123083
27.45,0.151553
27.46,0.148238
27.47,0.131066
27.48,0.127094
27.49,0.142153
27.50,0.132335
27.52,0.111612
27.53,0.142126
27.54,0.172335
27.55,0.125333
27.56,0.121833
27.57,0.125612
27.59,0.137112
27.60,1.681259
27.61,2.248061
27.62,1.474150
27.63,1.384579
27.64,1.290945
27.65,0.847337
27.67,0.860039
27.68,0.725326
27.69,0.532043
27.70,0.558921
27.71,0.416868
27.72,0.353377
27.74,0.364583
27.75,0.312901
27.76,0.320889
27.77,0.292653
27.78,0.320657
27.79,0.310774
27.81,0.262479
27.82,0.274323
27.83,0.290188
27.84,0.282126
27.85,0.264463
27.86,0.280721
27.88,0.209001
27.89,0.275697
27.90,0.302257
27.91,0.209897
27.92,0.199937
27.93,0.262623
27.95,0.278503
27.96,0.191675
27.97,0.205920
27.98,0.244487
27.99,0.239318
28.00,0.167518
28.01,0.215988
28.03,0.231857
28.04,0.186535
28.05,0.177402
28.06,0.162907
28.07,0.149578
28.08,0.175043
28.10,0.188939
28.11,0.113908
28.12,0.128016
28.13,0.119023
28.14,0.128451
28.15,0.103115
28.17,0.281762
28.18,1.377541
28.19,1.655507
28.20,1.328265
28.21,1.519257
28.22,0.962228
28.24,0.497650
28.25,0.365063
28.26,0.353396
28.27,0.376817
28.28,0.470360
28.29,0.330351
28.31,0.294257
28.32,0.270452
28.33,0.265851
28.34,0.331578
28.35,0.311252
28.36,0.267095
28.37,0.295825
28.39,0.270851
28.40,0.279393
28.41,0.215138
28.42,0.187060
28.43,0.276866
28.44,0.293119
28.46,0.317807
28.47,0.201471
28.48,0.214852
28.49,0.236698
28.50,0.199632
28.51,0.195824
28.53,0.214526
28.54,0.197551
28.55,0.193210
28.56,0.220419
28.57,0.223952
28.58,0.186272
28.60,0.231154
28.61,0.291864
28.62,0.279335
28.63,0.203682
28.64,0.224934
28.65,0.250522
28.67,0.227847
28.68,0.238674
28.69,0.243088
28.70,0.214112
28.71,0.201661
28.72,0.212049
28.73,0.231754
28.75,0.189718
28.76,0.202674
28.77,0.358601
28.78,1.726439
28.79,2.165317
28.80,1.444447
28.82,1.620256
28.83,1.346692
28.84,0.932100
28.85,0.353092
28.86,0.426825
28.87,0.441697
28.89,0.490927
28.90,0.249450
28.91,0.319253
28.92,0.365859
28.93,0.430406
28.94,0.304092
28.96,0.306521
28.97,0.363108
28.98,0.330671
28.99,0.278498
29.00,0.304284
29.01,0.357664
29.02,0.309460
29.04,0.245759
29.05,0.274144
29.06,0.307659
29.07,0.292954
29.08,0.241027
29.09,0.292857
29.11,0.324321
29.12,0.283088
29.13,0.216732
29.14,0.240017
29.15,0.260187
29.16,0.287170
29.18,0.254304
29.19,0.236394
29.20,0.263217
29.21,0.259648
29.22,0.251990
29.23,0.219663
29.25,0.274803
29.26,0.276962
29.27,0.289147
29.28,0.231525
29.29,0.261385
29.30,0.255921
29.32,0.273340
29.33,0.283744
29.34,0.284920
29.35,0.246548
29.36,0.276093
29.37,0.236189
29.38,0.249973
29.40,0.280142
29.41,0.295457
29.42,0.258692
29.43,0.252577
29.44,0.265863
29.45,0.278907
29.47,0.227769
29.48,0.229638
29.49,0.220914
29.50,0.254117
29.51,0.239927
29.52,0.221099
29.54,0.231907
29.55,0.217467
29.56,0.211767
29.57,0.267979
29.58,0.243950
29.59,0.200924
29.61,0.223257
29.62,0.310925
29.63,0.220842
29.64,0.217963
29.65,0.203824
29.66,0.202456
29.68,0.207934
29.69,0.216332
29.70,0.241207
29.71,0.223651
29.72,0.203601
29.73,0.212319
29.74,0.203191
29.76,0.193381
29.77,0.234462
29.78,0.208744
29.79,0.187818
29.80,0.214294
29.81,0.226463
29.83,0.215394
29.84,0.185249
29.85,0.174269
29.86,0.249172
29.87,0.213291
