0.00,0.000036
0.01,0.000041
0.02,0.000142
0.03,0.000133
0.05,0.000059
0.06,0.000074
0.07,0.000082
0.08,0.000105
0.09,0.000146
0.10,0.000360
0.12,0.000327
0.13,0.000140
0.14,0.000118
0.15,0.000158
0.16,0.000140
0.17,0.000107
0.19,0.000065
0.20,0.000115
0.21,0.000163
0.22,0.000113
0.23,0.000080
0.24,0.000104
0.26,0.000129
0.27,0.000106
0.28,0.000062
0.29,0.000242
0.30,0.000205
0.31,0.000139
0.33,0.000107
0.34,0.000186
0.35,0.000168
0.36,0.000084
0.37,0.000132
0.38,0.000261
0.39,0.000248
0.41,0.000137
0.42,0.000103
0.43,0.000165
0.44,0.000143
0.45,0.000110
0.46,0.000090
0.48,0.000107
0.49,0.000182
0.50,0.008469
0.51,0.062379
0.52,0.066434
0.53,0.057240
0.55,0.092287
0.56,0.124895
0.57,0.103800
0.58,0.102124
0.59,0.100041
0.60,0.096846
0.62,0.104800
0.63,0.108522
0.64,0.089468
0.65,0.090919
0.66,0.094287
0.67,0.105725
0.68,0.103557
0.70,0.098956
0.71,0.097559
0.72,0.099843
0.73,0.099555
0.74,0.096509
0.75,0.099927
0.77,0.095704
0.78,0.093807
0.79,0.087932
0.80,0.091577
0.81,0.088745
0.82,0.090277
0.84,0.089719
0.85,0.089663
0.86,0.090210
0.87,0.097673
0.88,0.101414
0.89,0.101427
0.91,0.096500
0.92,0.094738
0.93,0.091863
0.94,0.090001
0.95,0.092223
0.96,0.094346
0.98,0.092263
0.99,0.096857
1.00,0.103029
1.01,0.103311
1.02,0.089632
1.03,0.092156
1.04,0.090871
1.06,0.094842
1.07,0.094532
1.08,0.095832
1.09,0.090767
1.10,0.091547
1.11,0.086624
1.13,0.090815
1.14,0.090167
1.15,0.079402
1.16,0.075608
1.17,0.081744
1.18,0.080198
1.20,0.080853
1.21,0.076561
1.22,0.078923
1.23,0.078499
1.24,0.081489
1.25,0.076300
1.27,0.077280
1.28,0.075927
1.29,0.081836
1.30,0.088128
1.31,0.088689
1.32,0.087849
1.34,0.082493
1.35,0.082197
1.36,0.085784
1.37,0.092542
1.38,0.093929
1.39,0.100004
1.40,0.096392
1.42,0.094446
1.43,0.096889
1.44,0.097135
1.45,0.095528
1.46,0.097552
1.47,0.099738
1.49,0.095098
1.50,0.095935
1.51,0.105284
1.52,0.104224
1.53,0.099470
1.54,0.100912
1.56,0.098611
1.57,0.091114
1.58,0.088481
1.59,0.084004
1.60,0.088491
1.61,0.092553
1.63,0.092342
1.64,0.090173
1.65,0.092711
1.66,0.092817
1.67,0.102070
1.68,0.090310
1.70,0.066771
1.71,0.172622
1.72,0.282880
1.73,0.392969
1.74,0.536980
1.75,0.407735
1.76,0.504277
1.78,0.485511
1.79,0.430229
1.80,0.505084
1.81,0.436345
1.82,0.435803
1.83,0.491880
1.85,0.422999
1.86,0.456659
1.87,0.392209
1.88,0.359074
1.89,0.450359
1.90,0.384292
1.92,0.400975
1.93,0.400925
1.94,0.329976
1.95,0.446770
1.96,0.391418
1.97,0.379329
1.99,0.411099
2.00,0.320146
2.01,0.407310
2.02,0.383639
2.03,0.322639
2.04,0.370588
2.05,0.296300
2.07,0.395662
2.08,0.387202
2.09,0.290013
2.10,0.314735
2.11,0.293828
2.12,0.354956
2.14,0.334437
2.15,0.262049
2.16,0.290567
2.17,0.316857
2.18,0.353279
2.19,0.355569
2.21,0.299548
2.22,0.324920
2.23,0.336234
2.24,0.364222
2.25,0.373764
2.26,0.294889
2.28,0.298216
2.29,0.323503
2.30,0.297048
2.31,0.343720
2.32,0.315595
2.33,0.287965
2.35,0.288552
2.36,0.271190
2.37,0.321510
2.38,0.271447
2.39,0.214552
2.40,0.277665
2.41,0.282800
2.43,0.306442
2.44,0.240582
2.45,0.193707
2.46,0.254662
2.47,0.259240
2.48,0.244223
2.50,0.205902
2.51,0.185747
2.52,0.242516
2.53,0.283932
2.54,0.230549
2.55,0.223395
2.57,0.193933
2.58,0.225573
2.59,0.270136
2.60,0.206738
2.61,0.243050
2.62,0.207044
2.64,0.210853
2.65,0.260475
2.66,0.192177
2.67,0.211513
2.68,0.196377
2.69,0.176795
2.71,0.249860
2.72,0.192946
2.73,0.216280
2.74,0.206461
2.75,0.179309
2.76,0.244232
2.77,0.196474
2.79,0.187737
2.80,0.237327
2.81,0.218498
2.82,0.313135
2.83,0.317056
2.84,0.291013
2.86,0.377615
2.87,0.459281
2.88,0.450826
2.89,0.416107
2.90,0.389984
2.91,0.360031
2.93,0.344657
2.94,0.333393
2.95,0.403413
2.96,0.399730
2.97,0.368940
2.98,0.273587
3.00,0.298034
3.01,0.365962
3.02,0.333480
3.03,0.302786
3.04,0.215653
3.05,0.282842
3.07,0.339654
3.08,0.291469
3.09,0.250265
3.10,0.232675
3.11,0.292181
3.12,0.330575
3.13,0.269190
3.15,0.211417
3.16,0.245636
3.17,0.286878
3.18,0.292673
3.19,0.218936
3.20,0.185834
3.22,0.260702
3.23,0.256086
3.24,0.228380
3.25,0.154068
3.26,0.201099
3.27,0.258677
3.29,0.230072
3.30,0.180017
3.31,0.157166
3.32,0.208457
3.33,0.251716
3.34,0.184846
3.36,0.136326
3.37,0.184897
3.38,0.218003
3.39,0.236175
3.40,0.158113
3.41,0.130453
3.42,0.199939
3.44,0.211590
3.45,0.208069
3.46,0.135867
3.47,0.148638
3.48,0.196041
3.49,0.192044
3.51,0.178800
3.52,0.135558
3.53,0.186006
3.54,0.212411
3.55,0.200874
3.56,0.159799
3.58,0.153096
3.59,0.182236
3.60,0.202677
3.61,0.160288
3.62,0.103954
3.63,0.162451
3.65,0.183836
3.66,0.200438
3.67,0.152400
3.68,0.132184
3.69,0.176346
3.70,0.182173
3.72,0.188369
3.73,0.172967
3.74,0.185010
3.75,0.165352
3.76,0.165148
3.77,0.171395
3.78,0.183831
3.80,0.166161
3.81,0.138809
3.82,0.130656
3.83,0.118802
3.84,0.152830
3.85,0.128352
3.87,0.117831
3.88,0.093438
3.89,0.115454
3.90,0.158566
3.91,0.137312
3.92,0.106810
3.94,0.064577
3.95,0.088270
3.96,0.134776
3.97,0.121477
3.98,0.071862
3.99,0.059250
4.01,0.097940
4.02,0.120548
4.03,0.091199
4.04,0.042854
4.05,0.074175
4.06,0.109387
4.08,0.116695
4.09,0.076580
4.10,0.054531
4.11,0.075260
4.12,0.085387
4.13,0.079373
4.14,0.066189
4.16,0.067852
4.17,0.082525
4.18,0.085481
4.19,0.080746
4.20,0.060802
4.21,0.063909
4.23,0.084108
4.24,0.080640
4.25,0.066525
4.26,0.065654
4.27,0.077284
4.28,0.084126
4.30,0.074028
4.31,0.057715
4.32,0.063084
4.33,0.086441
4.34,0.090696
4.35,0.051244
4.37,0.063600
4.38,0.080695
4.39,0.075650
4.40,0.070605
4.41,0.048358
4.42,0.086610
4.44,0.100859
4.45,0.161918
4.46,0.223573
4.47,0.324839
4.48,0.328417
4.49,0.407265
4.50,0.410779
4.52,0.477603
4.53,0.434507
4.54,0.354590
4.55,0.429209
4.56,0.368493
4.57,0.320951
4.59,0.359006
4.60,0.335110
4.61,0.447381
4.62,0.416984
4.63,0.380142
4.64,0.393291
4.66,0.325059
4.67,0.443332
4.68,0.403990
4.69,0.319900
4.70,0.352263
4.71,0.362977
4.73,0.445239
4.74,0.412776
4.75,0.320439
4.76,0.343614
4.77,0.311717
4.78,0.378009
4.79,0.383795
4.81,0.280797
4.82,0.346674
4.83,0.323899
4.84,0.348566
4.85,0.358202
4.86,0.265755
4.88,0.286791
4.89,0.288805
4.90,0.307737
4.91,0.350962
4.92,0.264294
4.93,0.290421
4.95,0.319744
4.96,0.306289
4.97,0.344099
4.98,0.269600
4.99,0.243022
5.00,0.307810
5.02,0.333442
5.03,0.344902
5.04,0.287156
5.05,0.252538
5.06,0.316174
5.07,0.349507
5.09,0.295254
5.10,0.255038
5.11,0.220088
5.12,0.311800
5.13,0.360088
5.14,0.274163
5.15,0.243669
5.17,0.216526
5.18,0.282436
5.19,0.300623
5.20,0.216825
5.21,0.225286
5.22,0.214905
5.24,0.270769
5.25,0.266632
5.26,0.195440
5.27,0.206497
5.28,0.211088
5.29,0.247174
5.31,0.263441
5.32,0.218054
5.33,0.224380
5.34,0.235001
5.35,0.240586
5.36,0.246703
5.38,0.195052
5.39,0.199856
5.40,0.233332
5.41,0.222025
5.42,0.217246
5.43,0.180227
5.45,0.218692
5.46,0.241500
5.47,0.167446
5.48,0.151140
5.49,0.170580
5.50,0.223575
5.51,0.265352
5.53,0.230525
5.54,0.283917
5.55,0.392434
5.56,0.490928
5.57,0.454566
5.58,0.312270
5.60,0.368945
5.61,0.337739
5.62,0.333902
5.63,0.290967
5.64,0.306436
5.65,0.360583
5.67,0.333107
5.68,0.295056
5.69,0.298896
5.70,0.307896
5.71,0.300139
5.72,0.248487
5.74,0.250112
5.75,0.324180
5.76,0.313097
5.77,0.323060
5.78,0.241751
5.79,0.266213
5.80,0.299200
5.82,0.277707
5.83,0.272525
5.84,0.250946
5.85,0.259239
5.86,0.284783
5.87,0.241262
5.89,0.245511
5.90,0.292864
5.91,0.257325
5.92,0.230811
5.93,0.186481
5.94,0.235987
5.96,0.272647
5.97,0.224771
5.98,0.193106
5.99,0.136406
6.00,0.233068
6.01,0.263429
6.03,0.203577
6.04,0.157327
6.05,0.196776
6.06,0.268150
6.07,0.270124
6.08,0.183740
6.10,0.152122
6.11,0.222853
6.12,0.258181
6.13,0.244026
6.14,0.143726
6.15,0.150650
6.16,0.219492
6.18,0.255205
6.19,0.222863
6.20,0.124778
6.21,0.168659
6.22,0.205526
6.23,0.215291
6.25,0.180571
6.26,0.158022
6.27,0.195889
6.28,0.217865
6.29,0.167674
6.30,0.141363
6.32,0.176922
6.33,0.212257
6.34,0.210375
6.35,0.144821
6.36,0.137985
6.37,0.183364
6.39,0.199599
6.40,0.178665
6.41,0.129129
6.42,0.155433
6.43,0.199047
6.44,0.204169
6.46,0.172370
6.47,0.139990
6.48,0.158644
6.49,0.180329
6.50,0.164501
6.51,0.134884
6.52,0.136289
6.54,0.140239
6.55,0.145719
6.56,0.140431
6.57,0.131081
6.58,0.138830
6.59,0.128862
6.61,0.131715
6.62,0.121058
6.63,0.117242
6.64,0.132618
6.65,0.111103
6.66,0.096325
6.68,0.099802
6.69,0.132305
6.70,0.126877
6.71,0.095574
6.72,0.078848
6.73,0.111594
6.75,0.129576
6.76,0.098478
6.77,0.071330
6.78,0.061318
6.79,0.112604
6.80,0.117144
6.82,0.090579
6.83,0.067855
6.84,0.078427
6.85,0.115488
6.86,0.111104
6.87,0.084358
6.88,0.053509
6.90,0.079328
6.91,0.114121
6.92,0.113559
6.93,0.084544
6.94,0.071200
6.95,0.091683
6.97,0.102253
6.98,0.099793
6.99,0.069458
7.00,0.066208
7.01,0.092342
7.02,0.109878
7.04,0.088977
7.05,0.062198
7.06,0.069466
7.07,0.080186
7.08,0.085073
7.09,0.067350
7.11,0.088082
7.12,0.098675
7.13,0.089665
7.14,0.085923
7.15,0.097261
7.16,0.118380
7.17,0.253461
7.19,0.319591
7.20,0.406548
7.21,0.592746
7.22,0.530992
7.23,0.471296
7.24,0.442312
7.26,0.451481
7.27,0.573413
7.28,0.468638
7.29,0.405529
7.30,0.466526
7.31,0.449852
7.33,0.549321
7.34,0.448791
7.35,0.395194
7.36,0.468621
7.37,0.401274
7.38,0.465289
7.40,0.436140
7.41,0.402356
7.42,0.510566
7.43,0.442409
7.44,0.462652
7.45,0.430688
7.47,0.372529
7.48,0.459570
7.49,0.399435
7.50,0.400440
7.51,0.422785
7.52,0.372601
7.53,0.475394
7.55,0.430601
7.56,0.371992
7.57,0.381196
7.58,0.326603
7.59,0.430231
7.60,0.410975
7.62,0.336983
7.63,0.357061
7.64,0.343072
7.65,0.435068
7.66,0.387116
7.67,0.290838
7.69,0.294959
7.70,0.309528
7.71,0.395056
7.72,0.372376
7.73,0.305654
7.74,0.316604
7.76,0.341408
7.77,0.373924
7.78,0.352940
7.79,0.280131
7.80,0.270844
7.81,0.299204
7.83,0.317633
7.84,0.327841
7.85,0.247327
7.86,0.231290
7.87,0.270854
7.88,0.257727
7.89,0.268664
7.91,0.206444
7.92,0.180683
7.93,0.251114
7.94,0.244970
7.95,0.241585
7.96,0.184765
7.98,0.156546
7.99,0.232076
8.00,0.247299
8.01,0.219302
8.02,0.187388
8.03,0.170215
8.05,0.236801
8.06,0.253323
8.07,0.205353
8.08,0.199890
8.09,0.176445
8.10,0.217003
8.12,0.249872
8.13,0.177191
8.14,0.182571
8.15,0.169447
8.16,0.191977
8.17,0.255733
8.19,0.185118
8.20,0.213657
8.21,0.198836
8.22,0.197325
8.23,0.243734
8.24,0.178640
8.25,0.223854
8.27,0.203023
8.28,0.206994
8.29,0.281524
8.30,0.296906
8.31,0.317978
8.32,0.298366
8.34,0.241428
8.35,0.344861
8.36,0.324488
8.37,0.280755
8.38,0.235735
8.39,0.267079
8.41,0.335141
8.42,0.289747
8.43,0.230446
8.44,0.231283
8.45,0.244905
8.46,0.269032
8.48,0.231276
8.49,0.156460
8.50,0.223880
8.51,0.245931
8.52,0.238519
8.53,0.204610
8.54,0.137864
8.56,0.221304
8.57,0.239437
8.58,0.202878
8.59,0.160923
8.60,0.156930
8.61,0.221764
8.63,0.227056
8.64,0.170428
8.65,0.136588
8.66,0.179690
8.67,0.212997
8.68,0.219712
8.70,0.150668
8.71,0.159429
8.72,0.202527
8.73,0.199690
8.74,0.182792
8.75,0.113124
8.77,0.167068
8.78,0.192836
8.79,0.176214
8.80,0.150326
8.81,0.113329
8.82,0.170985
8.84,0.186056
8.85,0.148983
8.86,0.115414
8.87,0.137936
8.88,0.178672
8.89,0.180920
8.90,0.117091
8.92,0.111367
8.93,0.145386
8.94,0.174571
8.95,0.167734
8.96,0.079327
8.97,0.107386
8.99,0.134337
9.00,0.153051
9.01,0.144433
9.02,0.087614
9.03,0.116893
9.04,0.125495
9.06,0.112597
9.07,0.123478
9.08,0.113744
9.09,0.124478
9.10,0.120125
9.11,0.085127
9.13,0.123041
9.14,0.123321
9.15,0.113944
9.16,0.100206
9.17,0.073086
9.18,0.138427
9.20,0.138069
9.21,0.121667
9.22,0.106427
9.23,0.078391
9.24,0.146774
9.25,0.153914
9.26,0.115788
9.28,0.096961
9.29,0.092058
9.30,0.140049
9.31,0.141725
9.32,0.098778
9.33,0.096872
9.35,0.091525
9.36,0.116746
9.37,0.128998
9.38,0.078273
9.39,0.088483
9.40,0.110337
9.42,0.108534
9.43,0.098647
9.44,0.058738
9.45,0.095938
9.46,0.125902
9.47,0.129655
9.49,0.147771
9.50,0.189278
9.51,0.221379
9.52,0.303158
9.53,0.279482
9.54,0.184893
9.56,0.264229
9.57,0.385219
9.58,0.280613
9.59,0.395286
9.60,0.239498
9.61,0.277502
9.62,0.319882
9.64,0.246942
9.65,0.458531
9.66,0.170514
9.67,0.423895
9.68,0.263909
9.69,0.396418
9.71,0.292785
9.72,0.301836
9.73,0.286486
9.74,0.280348
9.75,0.315822
9.76,0.381635
9.78,0.257835
9.79,0.390421
9.80,0.258916
9.81,0.454065
9.82,0.269485
9.83,0.358675
9.85,0.256836
9.86,0.260235
9.87,0.297833
9.88,0.349000
9.89,0.270097
9.90,0.347936
9.91,0.298195
9.93,0.363366
9.94,0.248807
9.95,0.333102
9.96,0.190421
9.97,0.178590
9.98,0.247674
10.00,0.220851
10.01,0.287592
10.02,0.184766
10.03,0.262628
10.04,0.221333
10.05,0.254902
10.07,0.249039
10.08,0.185424
10.09,0.190361
10.10,0.189797
10.11,0.148838
10.12,0.215247
10.14,0.144748
10.15,0.203815
10.16,0.122188
10.17,0.262664
10.18,0.171927
10.19,0.198236
10.21,0.188829
10.22,0.138755
10.23,0.154910
10.24,0.133766
10.25,0.153657
10.26,0.166594
10.27,0.096653
10.29,0.188973
10.30,0.125169
10.31,0.169532
10.32,0.137660
10.33,0.132457
10.34,0.165728
10.36,0.083384
10.37,0.138411
10.38,0.135476
10.39,0.084075
10.40,0.129557
10.41,0.234455
10.43,0.289448
10.44,0.216461
10.45,0.416527
10.46,0.410359
10.47,0.281799
10.48,0.370165
10.50,0.272921
10.51,0.290418
10.52,0.286236
10.53,0.365496
10.54,0.350192
10.55,0.325465
10.57,0.305924
10.58,0.236467
10.59,0.219951
10.60,0.326683
10.61,0.340076
10.62,0.250804
10.63,0.338993
10.65,0.255289
10.66,0.160006
10.67,0.149967
10.68,0.240541
10.69,0.295521
10.70,0.198462
10.72,0.287062
10.73,0.317266
10.74,0.169356
10.75,0.151647
10.76,0.260290
10.77,0.217475
10.79,0.217653
10.80,0.220428
10.81,0.165171
10.82,0.133318
10.83,0.140683
10.84,0.243346
10.86,0.273624
10.87,0.219751
10.88,0.242639
10.89,0.130577
10.90,0.116732
10.91,0.223202
10.92,0.173210
10.94,0.183241
10.95,0.189701
10.96,0.205579
10.97,0.165217
10.98,0.127031
10.99,0.206970
11.01,0.210557
11.02,0.139080
11.03,0.201981
11.04,0.150335
11.05,0.138220
11.06,0.124751
11.08,0.127664
11.09,0.222413
11.10,0.189497
11.11,0.146605
11.12,0.166452
11.13,0.145330
11.15,0.236587
11.16,0.212784
11.17,0.187474
11.18,0.149993
11.19,0.143005
11.20,0.126606
11.22,0.158179
11.23,0.208295
11.24,0.287265
11.25,0.144172
11.26,0.135941
11.27,0.163239
11.28,0.163166
11.30,0.173286
11.31,0.171934
11.32,0.191562
11.33,0.181307
11.34,0.125515
11.35,0.195536
11.37,0.170967
11.38,0.132843
11.39,0.156238
11.40,0.203062
11.41,0.163594
11.42,0.202245
11.44,0.200012
11.45,0.147595
11.46,0.169478
11.47,0.203306
11.48,0.231470
11.49,0.204338
11.51,0.193906
11.52,0.174304
11.53,0.136094
11.54,0.250196
11.55,0.220470
11.56,0.193690
11.58,0.164288
11.59,0.178452
11.60,0.170699
11.61,0.123597
11.62,0.108502
11.63,0.214302
11.64,0.195880
11.66,0.141240
11.67,0.141179
11.68,0.133191
11.69,0.130895
11.70,0.150530
11.71,0.156752
11.73,0.153972
11.74,0.128954
11.75,0.106292
11.76,0.108807
11.77,0.149108
11.78,0.207622
11.80,0.158400
11.81,0.098314
11.82,0.167783
11.83,0.116008
11.84,0.127608
11.85,0.130061
11.87,0.132967
11.88,0.146119
11.89,0.095810
11.90,0.135231
11.91,0.141129
11.92,0.089429
11.94,0.139125
11.95,0.165504
11.96,0.112390
11.97,0.109229
11.98,0.070077
11.99,0.089896
12.00,0.142227
12.02,0.143989
12.03,0.138569
12.04,0.122405
12.05,0.100550
12.06,0.086297
12.07,0.076665
12.09,0.149991
12.10,0.151876
12.11,0.094081
12.12,0.117741
12.13,0.117960
12.14,0.104033
12.16,0.108572
12.17,0.111051
12.18,0.117676
12.19,0.088832
12.20,0.059708
12.21,0.078813
12.23,0.081692
12.24,0.086858
12.25,0.077485
12.26,0.072984
12.27,0.084054
12.28,0.070443
12.29,0.049105
12.31,0.084823
12.32,0.093906
12.33,0.092259
12.34,0.098476
12.35,0.089647
12.36,0.107612
12.38,0.094958
12.39,0.064885
12.40,0.111593
12.41,0.134144
12.42,0.080914
12.43,0.072741
12.45,0.073594
12.46,0.095594
12.47,0.112752
12.48,0.085465
12.49,0.104055
12.50,0.085388
12.52,0.072664
12.53,0.089837
12.54,0.085897
12.55,0.093819
12.56,0.099747
12.57,0.073229
12.59,0.070112
12.60,0.086968
12.61,0.074858
12.62,0.080024
12.63,0.079764
12.64,0.076643
12.65,0.062201
12.67,0.068731
12.68,0.093441
12.69,0.070451
12.70,0.039139
12.71,0.100297
12.72,0.086184
12.74,0.093635
12.75,0.044422
12.76,0.063317
12.77,0.083229
12.78,0.069519
12.79,0.082260
12.81,0.067480
12.82,0.073996
12.83,0.063561
12.84,0.043243
12.85,0.069026
12.86,0.073291
12.88,0.083671
12.89,0.073043
12.90,0.055440
12.91,0.059352
12.92,0.065083
12.93,0.067663
12.95,0.065475
12.96,0.067539
12.97,0.077860
12.98,0.061249
12.99,0.090843
13.00,0.050951
13.01,0.046258
13.03,0.068134
13.04,0.078541
13.05,0.063798
13.06,0.040648
13.07,0.056074
13.08,0.057477
13.10,0.057321
13.11,0.077323
13.12,0.058014
13.13,0.051718
13.14,0.051320
13.15,0.045374
13.17,0.040044
13.18,0.065714
13.19,0.059139
13.20,0.062645
13.21,0.048132
13.22,0.042402
13.24,0.045558
13.25,0.041534
13.26,0.084538
13.27,0.070133
13.28,0.049647
13.29,0.058216
13.31,0.029021
13.32,0.040192
13.33,0.054179
13.34,0.052514
13.35,0.064633
13.36,0.037497
13.37,0.048523
13.39,0.067163
13.40,0.047634
13.41,0.055597
13.42,0.064735
13.43,0.042497
13.44,0.060315
13.46,0.047257
13.47,0.046850
13.48,0.036367
13.49,0.052417
13.50,0.075744
13.51,0.027815
13.53,0.029478
13.54,0.056288
13.55,0.040754
13.56,0.056143
13.57,0.072349
13.58,0.044986
13.60,0.030899
13.61,0.041856
13.62,0.040964
13.63,0.035101
13.64,0.052330
13.65,0.074887
13.66,0.041538
13.68,0.044492
13.69,0.055829
13.70,0.042754
13.71,0.035993
13.72,0.055878
13.73,0.042282
13.75,0.044960
13.76,0.044575
13.77,0.039250
13.78,0.048420
13.79,0.049030
13.80,0.049707
13.82,0.060306
13.83,0.021704
13.84,0.063113
13.85,0.046560
13.86,0.039520
13.87,0.038479
13.89,0.045021
13.90,0.045430
13.91,0.041726
13.92,0.039215
13.93,0.063429
13.94,0.032938
13.96,0.060841
13.97,0.052770
13.98,0.033948
13.99,0.029779
14.00,0.049731
14.01,0.047008
14.02,0.038625
14.04,0.050240
14.05,0.082997
14.06,0.058545
14.07,0.076103
14.08,0.053576
14.09,0.071395
14.11,0.078964
14.12,0.095541
14.13,0.054739
14.14,0.047961
14.15,0.061807
14.16,0.082656
14.18,0.057826
14.19,0.054029
14.20,0.056403
14.21,0.067030
14.22,0.078940
14.23,0.078166
14.25,0.041627
14.26,0.052847
14.27,0.068296
14.28,0.072526
14.29,0.043870
14.30,0.044315
14.32,0.058059
14.33,0.063241
14.34,0.070736
14.35,0.053286
14.36,0.049733
14.37,0.051405
14.38,0.056407
14.40,0.046707
14.41,0.043059
14.42,0.056260
14.43,0.064641
14.44,0.046029
14.45,0.046772
14.47,0.044808
14.48,0.067480
14.49,0.051730
14.50,0.040215
14.51,0.056510
14.52,0.060009
14.54,0.057728
14.55,0.051072
14.56,0.037853
14.57,0.052230
14.58,0.059632
14.59,0.057478
14.61,0.037211
14.62,0.042201
14.63,0.067788
14.64,0.051793
14.65,0.044804
14.66,0.037894
14.68,0.054909
14.69,0.059256
14.70,0.052334
14.71,0.038401
14.72,0.040262
14.73,0.056475
14.74,0.061054
14.76,0.036794
14.77,0.045461
14.78,0.047993
14.79,0.062310
14.80,0.053006
14.81,0.039825
14.83,0.038009
14.84,0.047970
14.85,0.056729
14.86,0.046924
14.87,0.032882
14.88,0.064455
14.90,0.107360
14.91,0.156307
14.92,0.118811
14.93,0.290778
14.94,0.228397
14.95,0.211700
14.97,0.189082
14.98,0.214365
14.99,0.232404
15.00,0.129353
15.01,0.232916
15.02,0.225363
15.03,0.215526
15.05,0.157528
15.06,0.198560
15.07,0.228740
15.08,0.154554
15.09,0.203708
15.10,0.150896
15.12,0.233725
15.13,0.149014
15.14,0.212082
15.15,0.185172
15.16,0.186848
15.17,0.177171
15.19,0.147085
15.20,0.199459
15.21,0.136263
15.22,0.193682
15.23,0.106295
15.24,0.183419
15.26,0.127174
15.27,0.162214
15.28,0.146145
15.29,0.134450
15.30,0.178942
15.31,0.100658
15.33,0.163950
15.34,0.118914
15.35,0.182002
15.36,0.123585
15.37,0.142175
15.38,0.131477
15.39,0.131567
15.41,0.143546
15.42,0.140073
15.43,0.175024
15.44,0.107694
15.45,0.151000
15.46,0.105093
15.48,0.148446
15.49,0.136433
15.50,0.171090
15.51,0.155383
15.52,0.121063
15.53,0.136044
15.55,0.127863
15.56,0.153055
15.57,0.081932
15.58,0.150532
15.59,0.117045
15.60,0.147721
15.62,0.095320
15.63,0.142007
15.64,0.134091
15.65,0.097730
15.66,0.122954
15.67,0.094340
15.69,0.135196
15.70,0.066100
15.71,0.103226
15.72,0.078220
15.73,0.103189
15.74,0.066212
15.75,0.086367
15.77,0.101593
15.78,0.070104
15.79,0.079287
15.80,0.051507
15.81,0.088098
15.82,0.063585
15.84,0.090921
15.85,0.053189
15.86,0.074170
15.87,0.066100
15.88,0.065093
15.89,0.057368
15.91,0.055025
15.92,0.075603
15.93,0.036322
15.94,0.045887
15.95,0.051886
15.96,0.067178
15.98,0.042934
15.99,0.054693
16.00,0.079826
16.01,0.037530
16.02,0.194646
16.03,0.328617
16.04,0.344071
16.06,0.353974
16.07,0.379646
16.08,0.406028
16.09,0.431211
16.10,0.365888
16.11,0.402110
16.13,0.455208
16.14,0.479807
16.15,0.394821
16.16,0.384748
16.17,0.401833
16.18,0.388758
16.20,0.367995
16.21,0.371325
16.22,0.368354
16.23,0.398565
16.24,0.364276
16.25,0.358626
16.27,0.403360
16.28,0.397424
16.29,0.362962
16.30,0.374188
16.31,0.404386
16.32,0.369763
16.34,0.349507
16.35,0.358192
16.36,0.344630
16.37,0.340845
16.38,0.344723
16.39,0.331488
16.40,0.331270
16.42,0.316601
16.43,0.331119
16.44,0.346886
16.45,0.348321
16.46,0.342820
16.47,0.353482
16.49,0.380072
16.50,0.355465
16.51,0.339609
16.52,0.367031
16.53,0.355143
16.54,0.316133
16.56,0.321378
16.57,0.334041
16.58,0.302969
16.59,0.294703
16.60,0.300813
16.61,0.299260
16.63,0.292935
16.64,0.278203
16.65,0.279572
16.66,0.306530
16.67,0.324944
16.68,0.298134
16.70,0.289159
16.71,0.303903
16.72,0.307458
16.73,0.269279
16.74,0.266006
16.75,0.278899
16.76,0.284719
16.78,0.265596
16.79,0.274707
16.80,0.271603
16.81,0.268387
16.82,0.246880
16.83,0.247550
16.85,0.261667
16.86,0.272843
16.87,0.246575
16.88,0.249557
16.89,0.284405
16.90,0.282381
16.92,0.262797
16.93,0.266481
16.94,0.310632
16.95,0.314040
16.96,0.283055
16.97,0.282428
16.99,0.296911
17.00,0.283841
17.01,0.257096
17.02,0.254425
17.03,0.260055
17.04,0.251831
17.06,0.250665
17.07,0.239830
17.08,0.233880
17.09,0.244233
17.10,0.223209
17.11,0.188255
17.12,0.194238
17.14,0.229230
17.15,0.200162
17.16,0.149418
17.17,0.169319
17.18,0.223918
17.19,0.181323
17.21,0.131042
17.22,0.137498
17.23,0.178395
17.24,0.161037
17.25,0.143742
17.26,0.150038
17.28,0.155548
17.29,0.127291
17.30,0.118467
17.31,0.132913
17.32,0.155697
17.33,0.137234
17.35,0.094687
17.36,0.104318
17.37,0.145629
17.38,0.131169
17.39,0.097454
17.40,0.099897
17.41,0.126559
17.43,0.112583
17.44,0.102717
17.45,0.087319
17.46,0.118895
17.47,0.101371
17.48,0.079091
17.50,0.100190
17.51,0.117893
17.52,0.120102
17.53,0.077818
17.54,0.079753
17.55,0.109797
17.57,0.102282
17.58,0.074489
17.59,0.076472
17.60,0.100809
17.61,0.089478
17.62,0.069792
17.64,0.075102
17.65,0.095837
17.66,0.085330
17.67,0.070590
17.68,0.086946
17.69,0.094158
17.71,0.090451
17.72,0.069938
17.73,0.079119
17.74,0.094140
17.75,0.091592
17.76,0.063797
17.77,0.072733
17.79,0.109809
17.80,0.086784
17.81,0.064006
17.82,0.120864
17.83,0.177074
17.84,0.105023
17.86,0.138613
17.87,0.194207
17.88,0.078423
17.89,0.133481
17.90,0.199451
17.91,0.090125
17.93,0.128915
17.94,0.187508
17.95,0.129078
17.96,0.124385
17.97,0.143577
17.98,0.139900
18.00,0.094441
18.01,0.156704
18.02,0.142489
18.03,0.083419
18.04,0.151068
18.05,0.105609
18.07,0.104854
18.08,0.126892
18.09,0.129371
18.10,0.107435
18.11,0.100909
18.12,0.137253
18.13,0.072675
18.15,0.123029
18.16,0.108858
18.17,0.078102
18.18,0.137751
18.19,0.093970
18.20,0.097723
18.22,0.108298
18.23,0.126632
18.24,0.078080
18.25,0.079668
18.26,0.132118
18.27,0.068776
18.29,0.096189
18.30,0.099957
18.31,0.077842
18.32,0.094682
18.33,0.099467
18.34,0.082293
18.36,0.055419
18.37,0.118706
18.38,0.081310
18.39,0.052240
18.40,0.105973
18.41,0.083869
18.43,0.056122
18.44,0.078423
18.45,0.084934
18.46,0.049063
18.47,0.084668
18.48,0.078035
18.49,0.043664
18.51,0.071782
18.52,0.100346
18.53,0.036167
18.54,0.058778
18.55,0.085708
18.56,0.071095
18.58,0.074736
18.59,0.064142
18.60,0.079454
18.61,0.071099
18.62,0.099974
18.63,0.063502
18.65,0.053092
18.66,0.108146
18.67,0.059136
18.68,0.051658
18.69,0.086201
18.70,0.085061
18.72,0.050896
18.73,0.050889
18.74,0.100979
18.75,0.053515
18.76,0.080230
18.77,0.085121
18.78,0.078097
18.80,0.084128
18.81,0.079535
18.82,0.121586
18.83,0.195818
18.84,0.209663
18.85,0.191576
18.87,0.190122
18.88,0.199803
18.89,0.197538
18.90,0.192398
18.91,0.190878
18.92,0.176198
18.94,0.176133
18.95,0.198233
18.96,0.170157
18.97,0.143394
18.98,0.141750
18.99,0.137227
19.01,0.163712
19.02,0.118492
19.03,0.124232
19.04,0.119314
19.05,0.144925
19.06,0.122357
19.08,0.106559
19.09,0.139292
19.10,0.117589
19.11,0.106973
19.12,0.120616
19.13,0.096548
19.14,0.106507
19.16,0.103794
19.17,0.106299
19.18,0.093368
19.19,0.099915
19.20,0.105271
19.21,0.100458
19.23,0.102414
19.24,0.107646
19.25,0.089198
19.26,0.120860
19.27,0.086894
19.28,0.085990
19.30,0.098353
19.31,0.095534
19.32,0.098142
19.33,0.093687
19.34,0.105781
19.35,0.104484
19.37,0.114944
19.38,0.101867
19.39,0.098371
19.40,0.111120
19.41,0.105058
19.42,0.104980
19.44,0.105100
19.45,0.100145
19.46,0.122613
19.47,0.087236
19.48,0.084670
19.49,0.084529
19.50,0.103851
19.52,0.084135
19.53,0.091763
19.54,0.071541
19.55,0.081668
19.56,0.080577
19.57,0.083353
19.59,0.066118
19.60,0.077470
19.61,0.082422
19.62,0.065307
19.63,0.072064
19.64,0.076996
19.66,0.081101
19.67,0.076958
19.68,0.094481
19.69,0.069990
19.70,0.096512
19.71,0.077638
19.73,0.066715
19.74,0.086781
19.75,0.078713
19.76,0.094671
19.77,0.126240
19.78,0.143302
19.80,0.207983
19.81,0.173551
19.82,0.192553
19.83,0.193989
19.84,0.176977
19.85,0.189646
19.86,0.184459
19.88,0.196312
19.89,0.185533
19.90,0.164637
19.91,0.177730
19.92,0.149715
19.93,0.158010
19.95,0.171862
19.96,0.137858
19.97,0.159882
19.98,0.146430
19.99,0.151018
20.00,0.142542
20.02,0.125154
20.03,0.135258
20.04,0.115914
20.05,0.106053
20.06,0.152909
20.07,0.109207
20.09,0.125636
20.10,0.139477
20.11,0.100730
20.12,0.145882
20.13,0.111479
20.14,0.095552
20.15,0.111213
20.17,0.089261
20.18,0.135937
20.19,0.101593
20.20,0.106643
20.21,0.112314
20.22,0.082576
20.24,0.106942
20.25,0.097144
20.26,0.072650
20.27,0.101371
20.28,0.082586
20.29,0.087076
20.31,0.128661
20.32,0.082905
20.33,0.103733
20.34,0.086843
20.35,0.093032
20.36,0.093941
20.38,0.082103
20.39,0.110274
20.40,0.074127
20.41,0.073341
20.42,0.092716
20.43,0.076288
20.45,0.068254
20.46,0.083667
20.47,0.071351
20.48,0.070334
20.49,0.090475
20.50,0.094518
20.51,0.071694
20.53,0.068180
20.54,0.064575
20.55,0.078320
20.56,0.056218
20.57,0.068267
20.58,0.077697
20.60,0.060268
20.61,0.068872
20.62,0.080099
20.63,0.068715
20.64,0.075630
20.65,0.060456
20.67,0.096145
20.68,0.060724
20.69,0.063163
20.70,0.077477
20.71,0.055028
20.72,0.065865
20.74,0.082670
20.75,0.085210
20.76,0.071978
20.77,0.074308
20.78,0.075282
20.79,0.053249
20.81,0.063017
20.82,0.070911
20.83,0.045960
20.84,0.043900
20.85,0.071706
20.86,0.062028
20.87,0.044923
20.89,0.048206
20.90,0.053804
20.91,0.044219
20.92,0.037090
20.93,0.052574
20.94,0.044761
20.96,0.042245
20.97,0.063663
20.98,0.053134
20.99,0.043032
21.00,0.041223
21.01,0.050214
21.03,0.045675
21.04,0.042501
21.05,0.070060
21.06,0.048108
21.07,0.042454
21.08,0.053980
21.10,0.046521
21.11,0.040078
21.12,0.047958
21.13,0.051005
21.14,0.041483
21.15,0.047694
21.16,0.060126
21.18,0.049836
21.19,0.033685
21.20,0.034783
21.21,0.043722
21.22,0.030946
21.23,0.036525
21.25,0.044484
21.26,0.039876
21.27,0.034129
21.28,0.043602
21.29,0.047173
21.30,0.048159
21.32,0.035635
21.33,0.044559
21.34,0.039147
21.35,0.037753
21.36,0.053958
21.37,0.031123
21.39,0.040839
21.40,0.053795
21.41,0.037878
21.42,0.056169
21.43,0.047978
21.44,0.033613
21.46,0.052289
21.47,0.037510
21.48,0.047630
21.49,0.047507
21.50,0.044635
21.51,0.063269
21.52,0.045444
21.54,0.063650
21.55,0.057071
21.56,0.034402
21.57,0.057546
21.58,0.048614
21.59,0.045549
21.61,0.054999
21.62,0.056213
21.63,0.052157
21.64,0.048157
21.65,0.053941
21.66,0.052368
21.68,0.049720
21.69,0.057120
21.70,0.052554
21.71,0.050307
21.72,0.065980
21.73,0.041695
21.75,0.044529
21.76,0.046014
21.77,0.041500
21.78,0.038728
21.79,0.039294
21.80,0.049988
21.82,0.040248
21.83,0.044412
21.84,0.055907
21.85,0.040948
21.86,0.041106
21.87,0.044303
21.88,0.032950
21.90,0.041098
21.91,0.055278
21.92,0.045392
21.93,0.047827
21.94,0.045165
21.95,0.044691
21.97,0.048958
21.98,0.044164
21.99,0.041327
22.00,0.037271
22.01,0.036701
22.02,0.047577
22.04,0.043344
22.05,0.048793
22.06,0.047020
22.07,0.038973
22.08,0.069365
22.09,0.047540
22.11,0.044959
22.12,0.060506
22.13,0.038214
22.14,0.052712
22.15,0.055614
22.16,0.056673
22.18,0.052081
22.19,0.034397
22.20,0.061250
22.21,0.047968
22.22,0.037544
22.23,0.053480
22.24,0.046640
22.26,0.050375
22.27,0.057686
22.28,0.042785
22.29,0.056215
22.30,0.052538
22.31,0.036378
22.33,0.045104
22.34,0.054012
22.35,0.057555
22.36,0.044244
22.37,0.046888
22.38,0.067981
22.40,0.043680
22.41,0.037877
22.42,0.042282
22.43,0.051440
22.44,0.045187
22.45,0.038479
22.47,0.051978
22.48,0.049211
22.49,0.042077
22.50,0.038634
22.51,0.039195
22.52,0.042230
22.53,0.047659
22.55,0.035086
22.56,0.043054
22.57,0.041996
22.58,0.038310
22.59,0.036679
22.60,0.058462
22.62,0.042836
22.63,0.042181
22.64,0.046334
22.65,0.034510
22.66,0.027975
22.67,0.034749
22.69,0.037408
22.70,0.042562
22.71,0.046349
22.72,0.045313
22.73,0.034221
22.74,0.027272
22.76,0.039309
22.77,0.033110
22.78,0.027006
22.79,0.043159
22.80,0.039583
22.81,0.031520
22.83,0.035357
22.84,0.031808
22.85,0.035316
22.86,0.049942
22.87,0.039348
22.88,0.043692
22.89,0.046358
22.91,0.031191
22.92,0.041354
22.93,0.038014
22.94,0.051546
22.95,0.031542
22.96,0.034459
22.98,0.051745
22.99,0.033413
23.00,0.034522
23.01,0.033404
23.02,0.033667
23.03,0.037232
23.05,0.057196
23.06,0.044673
23.07,0.044134
23.08,0.036049
23.09,0.040031
23.10,0.031092
23.12,0.038869
23.13,0.047068
23.14,0.030225
23.15,0.030668
23.16,0.043228
23.17,0.029780
23.19,0.029672
23.20,0.028725
23.21,0.036773
23.22,0.032664
23.23,0.029274
23.24,0.038559
23.25,0.031281
23.27,0.031175
23.28,0.035063
23.29,0.027589
23.30,0.035957
23.31,0.037592
23.32,0.034872
23.34,0.039412
23.35,0.030310
23.36,0.039952
23.37,0.036672
23.38,0.031141
23.39,0.035432
23.41,0.031344
23.42,0.039748
23.43,0.036561
23.44,0.025528
23.45,0.038189
23.46,0.036567
23.48,0.032733
23.49,0.035356
23.50,0.030966
23.51,0.029881
23.52,0.031375
23.53,0.037307
23.55,0.033576
23.56,0.030149
23.57,0.035505
23.58,0.030198
23.59,0.034529
23.60,0.044070
23.61,0.034115
23.63,0.027912
23.64,0.035012
23.65,0.032704
23.66,0.035529
23.67,0.036769
23.68,0.036901
23.70,0.036144
23.71,0.040507
23.72,0.048958
23.73,0.039621
23.74,0.030153
23.75,0.038457
23.77,0.027733
23.78,0.030611
23.79,0.040957
23.80,0.034985
23.81,0.034802
23.82,0.040188
23.84,0.033117
23.85,0.035830
23.86,0.033367
23.87,0.032502
23.88,0.030250
23.89,0.030494
23.90,0.039302
23.92,0.032255
23.93,0.031032
23.94,0.032585
23.95,0.025635
23.96,0.033061
23.97,0.028923
23.99,0.024550
24.00,0.029367
24.01,0.026946
24.02,0.034113
24.03,0.043278
24.04,0.029374
24.06,0.030715
24.07,0.023238
24.08,0.036527
24.09,0.028744
24.10,0.019099
24.11,0.036468
24.13,0.026570
24.14,0.022948
24.15,0.035040
24.16,0.025871
24.17,0.023361
24.18,0.029192
24.20,0.025226
24.21,0.022992
24.22,0.031110
24.23,0.029895
24.24,0.024182
24.25,0.023609
24.26,0.033731
24.28,0.022281
24.29,0.023807
24.30,0.028688
24.31,0.022185
24.32,0.026214
24.33,0.029054
24.35,0.025551
24.36,0.026156
24.37,0.025095
24.38,0.026235
24.39,0.028232
24.40,0.020861
24.42,0.024844
24.43,0.018099
24.44,0.021742
24.45,0.023132
24.46,0.021840
24.47,0.023769
24.49,0.021167
24.50,0.020103
24.51,0.021485
24.52,0.019596
24.53,0.023854
24.54,0.018962
24.56,0.019899
24.57,0.020941
24.58,0.024826
24.59,0.026160
24.60,0.019005
24.61,0.017410
24.62,0.021528
24.64,0.020731
24.65,0.020083
24.66,0.024721
24.67,0.020601
24.68,0.018098
24.69,0.023778
24.71,0.022048
24.72,0.017514
24.73,0.019581
24.74,0.019494
24.75,0.016185
24.76,0.020554
24.78,0.024069
24.79,0.017690
24.80,0.016530
24.81,0.021045
24.82,0.016873
24.83,0.019604
24.85,0.022611
24.86,0.019251
24.87,0.025831
24.88,0.024162
24.89,0.021012
24.90,0.017930
24.92,0.023903
24.93,0.022673
24.94,0.019494
24.95,0.029753
24.96,0.023600
24.97,0.018214
24.98,0.027637
25.00,0.028136
25.01,0.022139
25.02,0.026235
25.03,0.023926
25.04,0.022802
25.05,0.019119
25.07,0.027000
25.08,0.026445
25.09,0.021210
25.10,0.025018
25.11,0.024401
25.12,0.023111
25.14,0.027765
25.15,0.026431
25.16,0.025421
25.17,0.026130
25.18,0.029226
25.19,0.025242
25.21,0.023902
25.22,0.032259
25.23,0.022203
25.24,0.023691
25.25,0.032654
25.26,0.025820
25.27,0.029167
25.29,0.027633
25.30,0.025355
25.31,0.025881
25.32,0.025353
25.33,0.028454
25.34,0.025704
25.36,0.027756
25.37,0.032521
25.38,0.025635
25.39,0.025151
25.40,0.027676
25.41,0.024480
25.43,0.027332
25.44,0.028929
25.45,0.026472
25.46,0.023855
25.47,0.027741
25.48,0.026609
25.50,0.026954
25.51,0.030067
25.52,0.025763
25.53,0.021649
25.54,0.022718
25.55,0.025705
25.57,0.025748
25.58,0.024139
25.59,0.024719
25.60,0.028350
25.61,0.029064
25.62,0.028280
25.63,0.023035
25.65,0.023507
25.66,0.025000
25.67,0.023678
25.68,0.021516
25.69,0.022289
25.70,0.028562
25.72,0.036487
25.73,0.034193
25.74,0.117077
25.75,0.243405
25.76,0.462488
25.77,0.480053
25.79,0.487942
25.80,0.322910
25.81,0.419215
25.82,0.459061
25.83,0.455929
25.84,0.465311
25.86,0.341529
25.87,0.394626
25.88,0.446734
25.89,0.394874
25.90,0.438398
25.91,0.373186
25.93,0.410990
25.94,0.446048
25.95,0.388704
25.96,0.396625
25.97,0.357417
25.98,0.345873
25.99,0.439694
26.01,0.409288
26.02,0.377965
26.03,0.390975
26.04,0.356374
26.05,0.421461
26.06,0.398889
26.08,0.343141
26.09,0.359716
26.10,0.312859
26.11,0.412574
26.12,0.413173
26.13,0.326542
26.15,0.346506
26.16,0.292462
26.17,0.379569
26.18,0.373744
26.19,0.308237
26.20,0.356462
26.22,0.322631
26.23,0.385535
26.24,0.401282
26.25,0.305353
26.26,0.348566
26.27,0.332987
26.28,0.369480
26.30,0.394092
26.31,0.306810
26.32,0.352510
26.33,0.359385
26.34,0.326916
26.35,0.365763
26.37,0.286264
26.38,0.351279
26.39,0.366900
26.40,0.291023
26.41,0.332981
26.42,0.274025
26.44,0.291099
26.45,0.320251
26.46,0.229245
26.47,0.268032
26.48,0.232337
26.49,0.257659
26.51,0.315376
26.52,0.220518
26.53,0.240498
26.54,0.229300
26.55,0.237503
26.56,0.284572
26.58,0.203661
26.59,0.186228
26.60,0.228817
26.61,0.235377
26.62,0.261461
26.63,0.229816
26.64,0.195538
26.66,0.287011
26.67,0.339364
26.68,0.407808
26.69,0.452423
26.70,0.378624
26.71,0.451142
26.73,0.424657
26.74,0.379581
26.75,0.427824
26.76,0.384401
26.77,0.416890
26.78,0.410238
26.80,0.413924
26.81,0.455177
26.82,0.375053
26.83,0.363225
26.84,0.377665
26.85,0.393487
26.87,0.388233
26.88,0.324671
26.89,0.295171
26.90,0.397453
26.91,0.403334
26.92,0.342655
26.94,0.250812
26.95,0.218995
26.96,0.354129
26.97,0.372165
26.98,0.281714
26.99,0.196378
27.00,0.244087
27.02,0.357331
27.03,0.351568
27.04,0.248939
27.05,0.231515
27.06,0.268197
27.07,0.339444
27.09,0.310492
27.10,0.190955
27.11,0.256636
27.12,0.278115
27.13,0.302945
27.14,0.265645
27.16,0.183468
27.17,0.254713
27.18,0.264174
27.19,0.269611
27.20,0.234509
27.21,0.187607
27.23,0.244387
27.24,0.261508
27.25,0.261261
27.26,0.253551
27.27,0.230330
27.28,0.269597
27.30,0.263192
27.31,0.224113
27.32,0.236925
27.33,0.227526
27.34,0.246172
27.35,0.235222
27.36,0.191683
27.38,0.239037
27.39,0.227842
27.40,0.226089
27.41,0.215058
27.42,0.171789
27.43,0.207218
27.45,0.187661
27.46,0.179932
27.47,0.210489
27.48,0.188201
27.49,0.215959
27.50,0.200309
27.52,0.189699
27.53,0.229596
27.54,0.188804
27.55,0.196099
27.56,0.179658
27.57,0.191451
27.59,0.225285
27.60,0.177822
27.61,0.144458
27.62,0.168405
27.63,0.206643
27.64,0.228957
27.65,0.175997
27.67,0.122143
27.68,0.166754
27.69,0.209114
27.70,0.215653
27.71,0.168759
27.72,0.111135
27.74,0.164974
27.75,0.220914
27.76,0.211771
27.77,0.145033
27.78,0.103971
27.79,0.153118
27.81,0.213500
27.82,0.209471
27.83,0.150315
27.84,0.135719
27.85,0.155519
27.86,0.217182
27.88,0.205531
27.89,0.144661
27.90,0.161926
27.91,0.143063
27.92,0.208833
27.93,0.207402
27.95,0.163749
27.96,0.182763
27.97,0.151917
27.98,0.189258
27.99,0.178679
28.00,0.150191
28.01,0.193763
28.03,0.162624
28.04,0.169215
28.05,0.173527
28.06,0.145221
28.07,0.188362
28.08,0.154963
28.10,0.162476
28.11,0.181371
28.12,0.151584
28.13,0.211623
28.14,0.194465
28.15,0.201286
28.17,0.207270
28.18,0.157376
28.19,0.204751
28.20,0.330981
28.21,0.325276
28.22,0.539052
28.24,0.301043
28.25,0.493621
28.26,0.328563
28.27,0.476039
28.28,0.333172
28.29,0.390778
28.31,0.362444
28.32,0.401162
28.33,0.381283
28.34,0.446560
28.35,0.424239
28.36,0.430026
28.37,0.420270
28.39,0.512792
28.40,0.427957
28.41,0.400822
28.42,0.294303
28.43,0.339962
28.44,0.387285
28.46,0.371011
28.47,0.448633
28.48,0.355791
28.49,0.490374
28.50,0.432685
28.51,0.439190
28.53,0.345144
28.54,0.349420
28.55,0.325864
28.56,0.337575
28.57,0.317956
28.58,0.447298
28.60,0.287626
28.61,0.449426
28.62,0.280095
28.63,0.416487
28.64,0.284064
28.65,0.322326
28.67,0.273822
28.68,0.294269
28.69,0.319814
28.70,0.347470
28.71,0.285906
28.72,0.329292
28.73,0.279151
28.75,0.329458
28.76,0.276626
28.77,0.308210
28.78,0.236689
28.79,0.210431
28.80,0.288456
28.82,0.234980
28.83,0.298178
28.84,0.246947
28.85,0.268895
28.86,0.263064
28.87,0.259896
28.89,0.272763
28.90,0.221715
28.91,0.210402
28.92,0.235763
28.93,0.206650
28.94,0.249534
28.96,0.164288
28.97,0.221973
28.98,0.172358
28.99,0.205010
29.00,0.184503
29.01,0.181757
29.02,0.174475
29.04,0.172190
29.05,0.222653
29.06,0.218933
29.07,0.180157
29.08,0.169415
29.09,0.121238
29.11,0.131027
29.12,0.161946
29.13,0.195168
29.14,0.202778
29.15,0.182416
29.16,0.437326
29.18,0.334699
29.19,0.348267
29.20,0.331942
29.21,0.330457
29.22,0.239891
29.23,0.268112
29.25,0.287433
29.26,0.247457
29.27,0.281050
29.28,0.273929
29.29,0.342336
29.30,0.251755
29.32,0.169163
29.33,0.237004
29.34,0.134041
29.35,0.311368
29.36,0.275925
29.37,0.194410
29.38,0.219837
29.40,0.130961
29.41,0.222456
29.42,0.170305
29.43,0.163586
29.44,0.268469
29.45,0.151481
29.47,0.149892
29.48,0.130011
29.49,0.139155
29.50,0.152888
29.51,0.130321
29.52,0.202587
29.54,0.189410
29.55,0.109886
29.56,0.172645
29.57,0.157425
29.58,0.152448
29.59,0.186040
29.61,0.196874
29.62,0.142498
29.63,0.157744
29.64,0.151393
29.65,0.155239
29.66,0.197940
29.68,0.197372
29.69,0.190834
29.70,0.111861
29.71,0.121876
29.72,0.193255
29.73,0.136399
29.74,0.188486
29.76,0.181904
29.77,0.111131
29.78,0.143224
29.79,0.127349
29.80,0.170619
29.81,0.162743
29.83,0.102705
29.84,0.199292
29.85,0.147006
29.86,0.127621
29.87,0.124212
