0.00,0.734968
0.01,0.648408
0.02,0.541698
0.03,0.559621
0.05,0.587122
0.06,0.544589
0.07,0.610219
0.08,0.552473
0.09,0.631859
0.10,0.630364
0.12,0.438698
0.13,0.386934
0.14,0.501652
0.15,0.483005
0.16,0.467347
0.17,0.395374
0.19,0.420068
0.20,0.494701
0.21,0.618152
0.22,0.425419
0.23,0.336796
0.24,0.463393
0.26,0.455452
0.27,0.486255
0.28,0.528660
0.29,0.469929
0.30,0.523877
0.31,0.542921
0.33,0.565796
0.34,0.383817
0.35,0.514942
0.36,0.511715
0.37,0.401522
0.38,0.469678
0.39,0.331767
0.41,0.348516
0.42,0.453703
0.43,0.516541
0.44,0.443460
0.45,0.355838
0.46,0.394056
0.48,0.624430
0.49,0.734507
0.50,0.781888
0.51,0.826997
0.52,0.792804
0.53,0.794040
0.55,0.798618
0.56,0.795567
0.57,0.688500
0.58,0.541389
0.59,0.681320
0.60,0.733528
0.62,0.619343
0.63,0.597005
0.64,0.630680
0.65,0.532564
0.66,0.570067
0.67,0.380799
0.68,0.444819
0.70,0.512213
0.71,0.427129
0.72,0.427576
0.73,0.470061
0.74,0.465928
0.75,0.523114
0.77,0.652536
0.78,0.476682
0.79,0.447635
0.80,0.595707
0.81,0.543079
0.82,0.527790
0.84,0.589788
0.85,0.568092
0.86,0.433049
0.87,0.356699
0.88,0.415354
0.89,0.619872
0.91,0.489805
0.92,0.422542
0.93,0.472364
0.94,0.426994
0.95,0.438731
0.96,0.461945
0.98,0.433398
0.99,0.457861
1.00,0.386747
1.01,0.481101
1.02,0.457534
1.03,0.372944
1.04,0.347542
1.06,0.429676
1.07,0.509700
1.08,0.717140
1.09,0.872649
1.10,0.831682
1.11,0.859921
1.13,0.828943
1.14,0.792444
1.15,0.755315
1.16,0.857389
1.17,0.878636
1.18,0.828634
1.20,0.971459
1.21,0.682542
1.22,0.695970
1.23,0.735108
1.24,0.631129
1.25,0.606157
1.27,0.544943
1.28,0.622065
1.29,0.610835
1.30,0.688813
1.31,0.701455
1.32,0.597008
1.34,0.706662
1.35,0.661259
1.36,0.499379
1.37,0.471423
1.38,0.667706
1.39,0.637377
1.40,0.601896
1.42,0.700877
1.43,0.485533
1.44,0.460649
1.45,0.503981
1.46,0.466414
1.47,0.379142
1.49,0.379480
1.50,0.420867
1.51,0.454694
1.52,0.369350
1.53,0.438186
1.54,0.371695
1.56,0.386365
1.57,0.331338
1.58,0.401431
1.59,0.449948
1.60,0.446109
1.61,0.423155
1.63,0.429806
1.64,0.384488
1.65,0.403903
1.66,0.420695
1.67,0.362137
1.68,0.673106
1.70,0.932199
1.71,1.060339
1.72,0.959446
1.73,0.892199
1.74,0.904816
1.75,0.836036
1.76,0.800189
1.78,0.723796
1.79,0.518998
1.80,0.445115
1.81,0.464656
1.82,0.463549
1.83,0.508659
1.85,0.577374
1.86,0.437853
1.87,0.422004
1.88,0.579174
1.89,0.485633
1.90,0.307093
1.92,0.526934
1.93,0.484147
1.94,0.400940
1.95,0.437104
1.96,0.432264
1.97,0.401059
1.99,0.507362
2.00,0.537631
2.01,0.453192
2.02,0.510237
2.03,0.438603
2.04,0.418387
2.05,0.403905
2.07,0.377102
2.08,0.275988
2.09,0.306713
2.10,0.318041
2.11,0.230057
2.12,0.300516
2.14,0.380502
2.15,0.363773
2.16,0.347742
2.17,0.325224
2.18,0.323124
2.19,0.285817
2.21,0.274036
2.22,0.360365
2.23,0.416259
2.24,0.402537
2.25,0.349768
2.26,0.419376
2.28,0.440423
2.29,0.801345
2.30,1.061643
2.31,1.046489
2.32,0.845390
2.33,0.902432
2.35,0.990109
2.36,0.964508
2.37,0.922179
2.38,0.780473
2.39,0.629851
2.40,0.736202
2.41,0.768628
2.43,0.720107
2.44,0.565897
2.45,0.509222
2.46,0.647451
2.47,0.739849
2.48,0.650797
2.50,0.557680
2.51,0.619008
2.52,0.584590
2.53,0.542872
2.54,0.690394
2.55,0.448472
2.57,0.542040
2.58,0.587299
2.59,0.562965
2.60,0.511979
2.61,0.598546
2.62,0.522912
2.64,0.533201
2.65,0.505301
2.66,0.450296
2.67,0.308553
2.68,0.467065
2.69,0.453032
2.71,0.368153
2.72,0.400262
2.73,0.337813
2.74,0.352984
2.75,0.338642
2.76,0.294044
2.77,0.311292
2.79,0.371011
2.80,0.218690
2.81,0.346665
2.82,0.408041
2.83,0.394379
2.84,0.359516
2.86,0.367613
2.87,0.488802
2.88,0.571758
2.89,0.776970
2.90,1.067629
2.91,1.020102
2.93,0.804592
2.94,0.713813
2.95,0.679780
2.96,0.644505
2.97,0.662047
2.98,0.603117
3.00,0.623913
3.01,0.631974
3.02,0.587682
3.03,0.636289
3.04,0.497002
3.05,0.437377
3.07,0.470232
3.08,0.485540
3.09,0.403936
3.10,0.359901
3.11,0.468984
3.12,0.419381
3.13,0.320285
3.15,0.399674
3.16,0.494874
3.17,0.355866
3.18,0.416542
3.19,0.563191
3.20,0.461987
3.22,0.261471
3.23,0.256262
3.24,0.244218
3.25,0.206800
3.26,0.165729
3.27,0.153901
3.29,0.179725
3.30,0.152390
3.31,0.185061
3.32,0.203832
3.33,0.201241
3.34,0.213482
3.36,0.202650
3.37,0.169365
3.38,0.215099
3.39,0.228120
3.40,0.252525
3.41,0.320871
3.42,0.376782
3.44,0.348773
3.45,0.353550
3.46,0.363877
3.47,0.350772
3.48,0.564024
3.49,0.997180
3.51,1.108899
3.52,1.044960
3.53,0.814448
3.54,0.764767
3.55,0.786818
3.56,0.850497
3.58,0.663431
3.59,0.709098
3.60,0.574198
3.61,0.631845
3.62,0.631820
3.63,0.551553
3.65,0.507688
3.66,0.585683
3.67,0.556562
3.68,0.603123
3.69,0.563337
3.70,0.439154
3.72,0.442744
3.73,0.418860
3.74,0.497174
3.75,0.588499
3.76,0.623009
3.77,0.669905
3.78,0.471319
3.80,0.453377
3.81,0.624428
3.82,0.616416
3.83,0.562503
3.84,0.395064
3.85,0.390247
3.87,0.538170
3.88,0.446793
3.89,0.420193
3.90,0.480053
3.91,0.382068
3.92,0.389810
3.94,0.434573
3.95,0.285034
3.96,0.362699
3.97,0.397507
3.98,0.397218
3.99,0.418095
4.01,0.484106
4.02,0.400166
4.03,0.448271
4.04,0.487954
4.05,0.453195
4.06,0.467918
4.08,0.565155
4.09,0.692556
4.10,0.762031
4.11,0.964611
4.12,0.969567
4.13,0.928727
4.14,0.887805
4.16,0.706632
4.17,0.745638
4.18,0.642850
4.19,0.585616
4.20,0.524409
4.21,0.523383
4.23,0.603808
4.24,0.579237
4.25,0.526564
4.26,0.454553
4.27,0.542738
4.28,0.426940
4.30,0.383261
4.31,0.466119
4.32,0.488722
4.33,0.479596
4.34,0.464013
4.35,0.339004
4.37,0.348544
4.38,0.446419
4.39,0.479466
4.40,0.530109
4.41,0.463367
4.42,0.431612
4.44,0.377170
4.45,0.365625
4.46,0.385152
4.47,0.316281
4.48,0.217176
4.49,0.280175
4.50,0.296916
4.52,0.249994
4.53,0.247146
4.54,0.252247
4.55,0.252030
4.56,0.231339
4.57,0.218784
4.59,0.212515
4.60,0.268609
4.61,0.283075
4.62,0.255201
4.63,0.240465
4.64,0.269725
4.66,0.286580
4.67,0.315143
4.68,0.310098
4.69,1.434242
4.70,1.637837
4.71,1.584681
4.73,1.131036
4.74,1.082913
4.75,1.107283
4.76,0.966342
4.77,1.034155
4.78,1.061273
4.79,1.151522
4.81,1.383226
4.82,1.401755
4.83,1.268787
4.84,1.323360
4.85,1.196524
4.86,1.314413
4.88,1.114798
4.89,0.992263
4.90,0.837534
4.91,0.961544
4.92,1.151897
4.93,1.016175
4.95,1.069067
4.96,0.971147
4.97,0.943062
4.98,1.026105
4.99,1.239067
5.00,1.225937
5.02,1.099459
5.03,1.165036
5.04,0.917873
5.05,0.848805
5.06,0.955678
5.07,1.149686
5.09,1.144379
5.10,1.101099
5.11,1.151922
5.12,1.120320
5.13,0.987164
5.14,1.057303
5.15,1.040492
5.17,1.052384
5.18,1.011533
5.19,1.011351
5.20,0.995542
5.21,0.935307
5.22,0.928293
5.24,1.193395
5.25,1.230180
5.26,1.229594
5.27,1.167998
5.28,1.112719
5.29,1.281326
5.31,1.437869
5.32,1.321453
5.33,1.191506
5.34,1.087111
5.35,1.349391
5.36,1.463194
5.38,1.309210
5.39,1.109200
5.40,1.213071
5.41,1.330029
5.42,1.208435
5.43,1.356469
5.45,1.303662
5.46,1.379023
5.47,1.125001
5.48,1.193409
5.49,1.272760
5.50,1.232022
5.51,1.137822
5.53,1.191264
5.54,1.085064
5.55,1.076965
5.56,1.014156
5.57,1.140772
5.58,1.235193
5.60,1.137984
5.61,1.112752
5.62,1.288027
5.63,1.242153
5.64,1.166580
5.65,1.330210
5.67,1.161366
5.68,1.069121
5.69,1.065412
5.70,1.173126
5.71,1.139921
5.72,1.183324
5.74,1.339680
5.75,1.136321
5.76,0.953196
5.77,1.241763
5.78,1.274500
5.79,1.092643
5.80,0.925813
5.82,0.995324
5.83,1.067820
5.84,0.964880
5.85,0.921819
5.86,1.156674
5.87,1.266044
5.89,1.565206
5.90,1.471607
5.91,1.083277
5.92,1.225340
5.93,1.003872
5.94,0.949944
5.96,1.014735
5.97,1.065696
5.98,1.025506
5.99,0.866215
6.00,0.892238
6.01,0.907586
6.03,0.956180
6.04,0.875282
6.05,0.816532
6.06,0.767499
6.07,0.896946
6.08,0.915885
6.10,0.832329
6.11,0.883643
6.12,0.930748
6.13,0.982786
6.14,0.966023
6.15,0.947362
6.16,0.916293
6.18,0.732863
6.19,1.018771
6.20,1.457813
6.21,1.664075
6.22,1.536366
6.23,1.172288
6.25,1.201423
6.26,1.207798
6.27,1.293438
6.28,1.111237
6.29,1.151874
6.30,1.040755
6.32,0.975708
6.33,1.055541
6.34,1.106336
6.35,1.135893
6.36,1.072307
6.37,0.955519
6.39,0.922849
6.40,0.936851
6.41,1.038198
6.42,1.240102
6.43,1.013765
6.44,1.034322
6.46,1.005530
6.47,1.040877
6.48,1.039094
6.49,1.330155
6.50,1.549737
6.51,1.445539
6.52,1.275066
6.54,1.098207
6.55,1.191045
6.56,1.264597
6.57,1.279053
6.58,1.313469
6.59,1.131415
6.61,1.210883
6.62,1.198982
6.63,1.185619
6.64,1.138185
6.65,1.017748
6.66,1.063959
6.68,1.099484
6.69,1.229588
6.70,1.077281
6.71,1.070500
6.72,1.116338
6.73,1.047409
6.75,0.995041
6.76,0.918462
6.77,1.050799
6.78,0.963609
6.79,1.311629
6.80,1.382124
6.82,1.213805
6.83,1.291213
6.84,1.180550
6.85,1.153209
6.86,1.178056
6.87,1.216662
6.88,1.257099
6.90,1.313184
6.91,1.207074
6.92,1.241123
6.93,1.254685
6.94,1.199517
6.95,1.185518
6.97,1.111698
6.98,1.131524
6.99,1.153854
7.00,1.218885
7.01,1.215235
7.02,1.268917
7.04,1.271821
7.05,1.182768
7.06,1.089293
7.07,1.083473
7.08,1.389017
7.09,1.546305
7.11,1.682177
7.12,1.487161
7.13,1.377904
7.14,1.402697
7.15,1.214077
7.16,1.323189
7.17,1.162069
7.19,1.116504
7.20,1.248346
7.21,1.088338
7.22,1.075515
7.23,1.099742
7.24,1.295075
7.26,1.089187
7.27,1.061495
7.28,1.154259
7.29,1.143057
7.30,1.159097
7.31,1.088165
7.33,1.225777
7.34,1.060989
7.35,1.081524
7.36,1.192878
7.37,1.259294
7.38,1.398575
7.40,1.521584
7.41,1.458150
7.42,1.267839
7.43,1.168833
7.44,1.237615
7.45,1.081205
7.47,1.137360
7.48,1.050293
7.49,1.175474
7.50,1.204254
7.51,1.262568
7.52,1.165232
7.53,1.060160
7.55,1.323608
7.56,1.315573
7.57,1.074448
7.58,1.200285
7.59,1.156412
7.60,1.182867
7.62,1.071749
7.63,1.111333
7.64,1.262649
7.65,1.402312
7.66,1.344477
7.67,1.177941
7.69,1.495858
7.70,1.752572
7.71,1.675949
7.72,1.352308
7.73,1.186105
7.74,1.304785
7.76,1.298263
7.77,1.379832
7.78,1.174612
7.79,1.177144
7.80,1.185439
7.81,1.207029
7.83,1.309011
7.84,1.235775
7.85,1.218221
7.86,1.248599
7.87,1.206569
7.88,1.127787
7.89,1.169614
7.91,1.143596
7.92,1.151526
7.93,1.216002
7.94,1.246081
7.95,0.987619
7.96,1.040268
7.98,1.071823
7.99,1.168042
8.00,1.407927
8.01,1.603536
8.02,1.800037
8.03,1.379558
8.05,1.357260
8.06,1.035847
8.07,1.115436
8.08,1.106027
8.09,1.248158
8.10,1.193629
8.12,1.100072
8.13,1.187927
8.14,1.157202
8.15,1.060519
8.16,1.044109
8.17,0.894987
8.19,1.100543
8.20,1.104156
8.21,1.179698
8.22,1.159537
8.23,0.985347
8.24,1.024522
8.25,1.028315
8.27,1.082935
8.28,1.171453
8.29,1.515550
8.30,1.746408
8.31,1.454321
8.32,1.140785
8.34,0.967525
8.35,1.058845
8.36,1.129093
8.37,1.101727
8.38,1.130360
8.39,1.217598
8.41,1.167108
8.42,1.148425
8.43,1.086065
8.44,1.089449
8.45,1.036648
8.46,1.037271
8.48,1.084514
8.49,1.085198
8.50,1.122701
8.51,1.089544
8.52,0.874820
8.53,0.909247
8.54,0.953030
8.56,0.934263
8.57,1.036680
8.58,0.954441
8.59,0.889723
8.60,0.944536
8.61,1.085417
8.63,1.410237
8.64,1.318521
8.65,1.181454
8.66,1.091750
8.67,1.048661
8.68,1.032177
8.70,1.012612
8.71,1.238309
8.72,1.141680
8.73,1.155653
8.74,0.985287
8.75,1.034387
8.77,1.093008
8.78,0.964651
8.79,1.094637
8.80,1.003077
8.81,1.064890
8.82,0.996475
8.84,0.943760
8.85,1.008588
8.86,0.953519
8.87,1.147633
8.88,1.519950
8.89,1.761373
8.90,1.793706
8.92,1.408170
8.93,1.051142
8.94,1.278949
8.95,1.343556
8.96,1.299872
8.97,1.229830
8.99,1.069779
9.00,1.206322
9.01,1.134087
9.02,1.190941
9.03,1.083504
9.04,1.107391
9.06,0.953388
9.07,0.912306
9.08,1.037112
9.09,0.929186
9.10,1.047331
9.11,1.016355
9.13,1.003602
9.14,0.997890
9.15,1.045462
9.16,1.098420
9.17,0.854075
9.18,0.926090
9.20,1.460406
9.21,1.566879
9.22,1.262534
9.23,1.166585
9.24,1.163845
9.25,1.368022
9.26,1.492430
9.28,1.399108
9.29,1.278631
9.30,1.101062
9.31,1.129518
9.32,1.115180
9.33,1.160039
9.35,1.169326
9.36,0.914077
9.37,0.803259
9.38,0.986556
9.39,1.066607
9.40,1.059697
9.42,1.020586
9.43,1.161190
9.44,1.150421
9.45,1.005766
9.46,1.076943
9.47,0.973575
9.49,1.362602
9.50,1.614874
9.51,1.453785
9.52,1.573306
9.53,1.294163
9.54,1.075535
9.56,1.148050
9.57,1.149396
9.58,1.134899
9.59,0.925775
9.60,0.990130
9.61,1.039363
9.62,0.943598
9.64,0.982351
9.65,1.024480
9.66,0.895511
9.67,0.834514
9.68,0.878640
9.69,0.938446
9.71,0.880077
9.72,0.908443
9.73,0.925683
9.74,0.897634
9.75,0.805121
9.76,0.702581
9.78,0.812122
9.79,1.031423
9.80,1.158325
9.81,1.161594
9.82,1.429666
9.83,1.224470
9.85,1.075516
9.86,1.044572
9.87,1.145440
9.88,1.102486
9.89,0.903753
9.90,1.007345
9.91,1.015069
9.93,0.825811
9.94,0.918437
9.95,1.125309
9.96,1.170625
9.97,1.055676
9.98,1.060786
10.00,1.031737
10.01,0.917792
10.02,0.915833
10.03,1.054441
10.04,1.005263
10.05,1.037679
10.07,0.985065
10.08,1.347026
10.09,1.630421
10.10,1.493915
10.11,1.122939
10.12,1.171575
10.14,1.092287
10.15,1.041348
10.16,0.910548
10.17,1.164868
10.18,1.173267
10.19,1.005713
10.21,0.973853
10.22,1.163766
10.23,1.050942
10.24,0.869262
10.25,0.959617
10.26,0.876808
10.27,0.819136
10.29,0.963548
10.30,0.910195
10.31,0.878610
10.32,0.963516
10.33,0.824047
10.34,0.731670
10.36,0.858208
10.37,0.966647
10.38,1.277710
10.39,1.397582
10.40,1.205894
10.41,1.004237
10.43,0.982516
10.44,0.887980
10.45,0.927779
10.46,1.043799
10.47,1.028159
10.48,0.970230
10.50,1.058026
10.51,1.096426
10.52,1.097173
10.53,1.037267
10.54,0.989284
10.55,0.983703
10.57,0.974467
10.58,1.086223
10.59,0.982082
10.60,0.843212
10.61,0.859573
10.62,0.929997
10.63,0.845879
10.65,0.806152
10.66,0.656563
10.67,0.705846
10.68,1.086986
10.69,1.618806
10.70,1.501188
10.72,1.247397
10.73,1.008092
10.74,0.982874
10.75,1.172257
10.76,1.139326
10.77,1.210694
10.79,1.132905
10.80,1.043750
10.81,1.057265
10.82,1.119691
10.83,0.972690
10.84,1.148500
10.86,1.065190
10.87,0.901352
10.88,0.954396
10.89,0.802471
10.90,0.916672
10.91,0.945984
10.92,0.992321
10.94,0.824596
10.95,0.851037
10.96,0.890154
10.97,0.952876
10.98,0.907857
10.99,0.964218
11.01,1.050470
11.02,1.145482
11.03,1.066771
11.04,1.006430
11.05,0.981786
11.06,1.060986
11.08,1.168349
11.09,1.044406
11.10,1.090735
11.11,1.001910
11.12,1.064689
11.13,1.153711
11.15,1.146923
11.16,1.220302
11.17,1.291057
11.18,1.092546
11.19,1.076910
11.20,1.065817
11.22,1.038997
11.23,0.969073
11.24,1.217689
11.25,1.162857
11.26,1.274216
11.27,1.115634
11.28,1.115352
11.30,1.407723
11.31,1.350594
11.32,1.297939
11.33,1.309086
11.34,1.222620
11.35,1.318405
11.37,1.264790
11.38,1.147173
11.39,1.092938
11.40,1.065409
11.41,1.221065
11.42,1.290315
11.44,1.192892
11.45,0.971686
11.46,0.997254
11.47,1.099557
11.48,0.999832
11.49,0.937121
11.51,0.897842
11.52,1.057423
11.53,0.988182
11.54,1.115607
11.55,0.875356
11.56,0.942586
11.58,1.108325
11.59,1.511892
11.60,1.407320
11.61,1.091277
11.62,1.271254
11.63,1.186527
11.64,1.306528
11.66,1.113587
11.67,1.212388
11.68,1.276849
11.69,1.248211
11.70,1.152102
11.71,1.092192
11.73,1.206144
11.74,1.110170
11.75,1.034372
11.76,0.953410
11.77,1.032025
11.78,1.025577
11.80,0.987360
11.81,1.025892
11.82,0.941603
11.83,1.058384
11.84,1.067054
11.85,1.072387
11.87,0.911439
11.88,0.877996
11.89,1.653082
11.90,1.943468
11.91,1.552721
11.92,1.342754
11.94,1.050731
11.95,0.989849
11.96,1.142344
11.97,1.081304
11.98,1.319559
11.99,1.027664
12.00,1.126570
12.02,1.153878
12.03,1.146205
12.04,1.107365
12.05,1.191157
12.06,1.054127
12.07,1.267521
12.09,1.131988
12.10,1.042946
12.11,0.896652
12.12,0.969558
12.13,1.031744
12.14,1.065923
12.16,1.040987
12.17,0.885703
12.18,0.992904
12.19,1.258435
12.20,1.420433
12.21,1.623153
12.23,1.378808
12.24,1.277569
12.25,1.257504
12.26,1.422459
12.27,1.120522
12.28,1.196880
12.29,1.272190
12.31,1.184792
12.32,1.211881
12.33,1.141393
12.34,1.070854
12.35,1.158674
12.36,1.173230
12.38,0.957697
12.39,0.891448
12.40,1.279646
12.41,1.276225
12.42,1.354786
12.43,1.229162
12.45,1.313720
12.46,1.257163
12.47,1.413368
12.48,1.332301
12.49,1.431609
12.50,1.488749
12.52,1.335916
12.53,1.133236
12.54,1.032334
12.55,1.182082
12.56,1.141967
12.57,1.133632
12.59,1.017853
12.60,1.032042
12.61,1.316120
12.62,1.054560
12.63,1.093761
12.64,0.957478
12.65,0.918778
12.67,1.066587
12.68,1.302768
12.69,1.108892
12.70,0.786220
12.71,0.921978
12.72,0.957702
12.74,0.954982
12.75,0.890391
12.76,0.822476
12.77,0.907106
12.78,1.122819
12.79,1.166545
12.81,1.108713
12.82,1.063135
12.83,0.922111
12.84,1.049334
12.85,1.159063
12.86,1.094178
12.88,1.082870
12.89,1.220036
12.90,1.169455
12.91,1.181395
12.92,1.166425
12.93,1.159752
12.95,1.077585
12.96,1.114260
12.97,1.058144
12.98,1.204350
12.99,1.221269
13.00,1.081007
13.01,1.076814
13.03,1.141700
13.04,1.157924
13.05,1.255318
13.06,1.111462
13.07,1.197056
13.08,1.834649
13.10,1.995356
13.11,1.491116
13.12,1.491894
13.13,1.396504
13.14,1.307883
13.15,1.151408
13.17,1.126228
13.18,1.079524
13.19,0.979239
13.20,0.951657
13.21,1.112468
13.22,1.064027
13.24,1.031808
13.25,0.920651
13.26,0.981326
13.27,0.974336
13.28,0.952196
13.29,0.990442
13.31,0.941901
13.32,1.096162
13.33,1.049720
13.34,1.179557
13.35,1.141902
13.36,1.024260
13.37,1.090915
13.39,1.176467
13.40,1.160403
13.41,1.064562
13.42,1.055319
13.43,1.314241
13.44,1.248325
13.46,1.153437
13.47,1.083848
13.48,1.136618
13.49,0.950406
13.50,0.912157
13.51,0.941088
13.53,1.147054
13.54,0.965424
13.55,0.941370
13.56,0.866688
13.57,0.823124
13.58,0.905227
13.60,0.887482
13.61,0.742007
13.62,0.794385
13.63,0.795853
13.64,1.022067
13.65,1.200310
13.66,1.205553
13.68,1.394404
13.69,1.738977
13.70,2.006158
13.71,1.631135
13.72,1.256631
13.73,1.199783
13.75,1.186731
13.76,1.199047
13.77,1.149842
13.78,1.084200
13.79,1.046958
13.80,1.070748
13.82,1.075839
13.83,1.045238
13.84,1.068341
13.85,0.934340
13.86,0.839106
13.87,1.042600
13.89,1.088331
13.90,0.980372
13.91,0.795403
13.92,0.878666
13.93,1.057565
13.94,0.872491
13.96,0.918713
13.97,1.021850
13.98,1.062789
13.99,1.294923
14.00,1.402544
14.01,1.140818
14.02,1.189711
14.04,1.062180
14.05,1.133018
14.06,1.091467
14.07,1.144001
14.08,1.146260
14.09,1.097779
14.11,1.066936
14.12,1.082692
14.13,1.116005
14.14,0.992066
14.15,0.930300
14.16,1.056696
14.18,1.131128
14.19,0.988477
14.20,0.992449
14.21,0.987886
14.22,1.083675
14.23,1.230762
14.25,1.110589
14.26,1.125758
14.27,1.229779
14.28,1.413892
14.29,1.599298
14.30,1.557194
14.32,1.332183
14.33,1.219448
14.34,1.092775
14.35,1.091158
14.36,1.058563
14.37,1.081535
14.38,1.247580
14.40,1.165985
14.41,0.828424
14.42,1.051331
14.43,1.217069
14.44,0.985053
14.45,1.218627
14.47,1.118319
14.48,1.227837
14.49,1.256337
14.50,1.180787
14.51,1.000948
14.52,1.217006
14.54,1.067663
14.55,1.070168
14.56,0.801057
14.57,0.880632
14.58,0.856708
14.59,0.888605
14.61,1.307604
14.62,1.142510
14.63,1.145077
14.64,1.147484
14.65,1.109996
14.66,1.124053
14.68,1.201238
14.69,0.963345
14.70,1.039361
14.71,1.017852
14.72,1.283379
14.73,1.274013
14.74,1.429959
14.76,1.052619
14.77,1.118529
14.78,0.933022
14.79,1.135088
14.80,0.988162
14.81,1.120186
14.83,0.946071
14.84,0.896434
14.85,0.950000
14.86,0.983069
14.87,1.254732
14.88,1.547379
14.90,1.730655
14.91,1.374820
14.92,0.947731
14.93,0.954517
14.94,1.102487
14.95,1.309337
14.97,1.302601
14.98,0.826452
14.99,1.117791
15.00,1.232041
15.01,1.515101
15.02,1.209803
15.03,1.268716
15.05,1.211076
15.06,1.165054
15.07,1.062877
15.08,1.109588
15.09,0.792216
15.10,0.690085
15.12,0.952208
15.13,0.960501
15.14,0.993282
15.15,1.108835
15.16,1.100626
15.17,1.081872
15.19,1.328811
15.20,1.336101
15.21,1.379379
15.22,1.135481
15.23,0.996767
15.24,1.056115
15.26,1.265871
15.27,1.064488
15.28,0.904868
15.29,0.974755
15.30,1.051417
15.31,0.987025
15.33,0.874308
15.34,1.010014
15.35,1.041959
15.36,1.067377
15.37,1.094357
15.38,0.894630
15.39,0.982735
15.41,1.071850
15.42,1.070049
15.43,0.982674
15.44,0.953273
15.45,0.947386
15.46,1.045047
15.48,1.080326
15.49,1.377541
15.50,1.610117
15.51,1.376143
15.52,1.255563
15.53,1.273954
15.55,1.253335
15.56,1.448658
15.57,1.255839
15.58,1.152435
15.59,1.163462
15.60,1.071334
15.62,0.960993
15.63,1.179904
15.64,1.083635
15.65,1.186140
15.66,1.171978
15.67,1.005662
15.69,0.973005
15.70,1.011482
15.71,1.202942
15.72,1.201725
15.73,1.054194
15.74,1.194594
15.75,1.171092
15.77,1.061068
15.78,1.113666
15.79,1.663419
15.80,1.609652
15.81,1.438447
15.82,1.302578
15.84,1.359260
15.85,1.569204
15.86,1.356710
15.87,1.477971
15.88,1.358690
15.89,1.393733
15.91,1.204014
15.92,1.179790
15.93,1.182057
15.94,1.138866
15.95,1.249278
15.96,1.126337
15.98,1.087715
15.99,1.097564
16.00,0.958568
16.01,1.056166
16.02,1.157635
16.03,1.212021
16.04,1.078876
16.06,0.984758
16.07,1.054301
16.08,1.324306
16.09,1.687290
16.10,1.621585
16.11,1.361662
16.13,1.275749
16.14,1.189589
16.15,1.308861
16.16,1.314438
16.17,1.234722
16.18,1.264631
16.20,1.134789
16.21,1.014186
16.22,0.963649
16.23,0.953661
16.24,1.000678
16.25,0.988528
16.27,0.973824
16.28,0.976961
16.29,1.037158
16.30,0.991581
16.31,0.920368
16.32,0.991663
16.34,0.982688
16.35,1.038796
16.36,0.919890
16.37,1.016514
16.38,0.962802
16.39,1.389401
16.40,1.306153
16.42,0.919014
16.43,0.957631
16.44,0.990324
16.45,1.101736
16.46,1.124745
16.47,1.208564
16.49,1.216704
16.50,1.180948
16.51,1.194809
16.52,1.090419
16.53,1.172439
16.54,1.114984
16.56,1.147087
16.57,1.036766
16.58,1.005032
16.59,0.964355
16.60,0.908966
16.61,0.979096
16.63,0.970126
16.64,0.914908
16.65,0.830862
16.66,0.887753
16.67,1.051798
16.68,1.782188
16.70,1.994082
16.71,1.625520
16.72,1.528841
16.73,1.352454
16.74,1.308503
16.75,1.274330
16.76,1.333998
16.78,1.318901
16.79,1.130437
16.80,1.100922
16.81,1.193760
16.82,1.142607
16.83,1.177625
16.85,1.240849
16.86,1.120065
16.87,1.156697
16.88,1.156456
16.89,1.137194
16.90,1.225081
16.92,1.062721
16.93,1.163733
16.94,1.173606
16.95,1.105633
16.96,1.167815
16.97,1.108472
16.99,1.212421
17.00,1.379460
17.01,1.630782
17.02,1.693471
17.03,1.407800
17.04,1.169649
17.06,1.077178
17.07,1.194660
17.08,1.175645
17.09,1.219989
17.10,1.049639
17.11,1.146802
17.12,1.119651
17.14,1.205678
17.15,1.095858
17.16,1.051011
17.17,1.119640
17.18,1.234986
17.19,1.243569
17.21,1.135180
17.22,1.150246
17.23,1.049669
17.24,1.170664
17.25,1.209107
17.26,1.141118
17.28,1.118662
17.29,1.553469
17.30,1.818110
17.31,1.660797
17.32,1.528657
17.33,1.349000
17.35,1.107318
17.36,1.439515
17.37,1.453531
17.38,1.357195
17.39,1.160517
17.40,1.228317
17.41,1.257821
17.43,1.318998
17.44,1.242290
17.45,1.303475
17.46,1.142264
17.47,1.165101
17.48,1.341435
17.50,1.396041
17.51,1.238447
17.52,1.230844
17.53,1.114752
17.54,1.144487
17.55,1.073859
17.57,1.037745
17.58,1.172149
17.59,1.246555
17.60,1.266397
17.61,1.142562
17.62,0.973810
17.64,1.104956
17.65,1.150095
17.66,1.250429
17.67,1.193457
17.68,1.111709
17.69,1.071496
17.71,1.132979
17.72,1.037893
17.73,0.881747
17.74,1.151227
17.75,1.181603
17.76,1.096677
17.77,1.079249
17.79,1.147531
17.80,1.038825
17.81,0.905421
17.82,1.010561
17.83,1.134993
17.84,0.961902
17.86,1.059537
17.87,0.964738
17.88,0.986792
17.89,1.740908
17.90,1.901578
17.91,1.648497
17.93,1.501606
17.94,1.315490
17.95,1.363278
17.96,1.156395
17.97,1.113925
17.98,1.238110
18.00,1.147360
18.01,1.275571
18.02,1.232305
18.03,1.128918
18.04,0.993372
18.05,0.976004
18.07,1.197605
18.08,1.298727
18.09,1.187821
18.10,1.148569
18.11,1.185570
18.12,1.164953
18.13,1.149385
18.15,1.328889
18.16,1.228615
18.17,1.047289
18.18,1.181457
18.19,1.274768
18.20,1.247252
18.22,1.362689
18.23,1.492161
18.24,1.379812
18.25,1.289297
18.26,1.203767
18.27,1.341595
18.29,1.177178
18.30,1.066358
18.31,1.191120
18.32,1.135424
18.33,1.078304
18.34,1.139279
18.36,1.214633
18.37,1.073695
18.38,1.019008
18.39,1.070464
18.40,1.119342
18.41,1.115889
18.43,0.996478
18.44,1.055724
18.45,0.975805
18.46,1.004018
18.47,0.947353
18.48,1.301407
18.49,1.734677
18.51,1.539526
18.52,1.236704
18.53,1.151965
18.54,1.143855
18.55,1.164538
18.56,0.976726
18.58,1.143704
18.59,1.127477
18.60,1.155089
18.61,1.065701
18.62,1.141780
18.63,1.073093
18.65,0.871600
18.66,0.978328
18.67,1.038805
18.68,1.057229
18.69,0.836788
18.70,1.012368
18.72,1.103674
18.73,0.958897
18.74,1.059364
18.75,1.176268
18.76,1.102573
18.77,0.887070
18.78,1.242755
18.80,1.507722
18.81,1.520519
18.82,1.412563
18.83,1.274344
18.84,1.281826
18.85,1.287663
18.87,1.187867
18.88,1.181385
18.89,1.072400
18.90,1.095305
18.91,1.092357
18.92,1.067388
18.94,1.061401
18.95,1.024522
18.96,0.901644
18.97,1.176821
18.98,1.109616
18.99,0.970211
19.01,1.006310
19.02,0.954849
19.03,0.982609
19.04,1.216138
19.05,1.296330
19.06,1.127672
19.08,1.094304
19.09,1.680160
19.10,1.909153
19.11,1.410501
19.12,1.507809
19.13,1.318761
19.14,1.361715
19.16,1.244857
19.17,1.102064
19.18,1.112784
19.19,0.998730
19.20,0.961848
19.21,0.961016
19.23,1.030409
19.24,0.988764
19.25,0.900046
19.26,0.868305
19.27,0.939936
19.28,1.030366
19.30,1.037808
19.31,0.994200
19.32,0.899184
19.33,0.986801
19.34,0.905232
19.35,0.928708
19.37,0.921793
19.38,1.037382
19.39,0.976443
19.40,1.268404
19.41,1.212290
19.42,1.052063
19.44,1.143911
19.45,1.265605
19.46,1.188884
19.47,1.191597
19.48,1.178448
19.49,1.124232
19.50,1.139133
19.52,1.062534
19.53,1.064991
19.54,1.120944
19.55,1.183152
19.56,1.174284
19.57,1.148234
19.59,1.092515
19.60,1.119802
19.61,1.201797
19.62,1.056553
19.63,1.156528
19.64,1.253550
19.66,1.416818
19.67,1.263926
19.68,1.380941
19.69,1.887930
19.70,2.139768
19.71,1.707794
19.73,1.423147
19.74,1.557504
19.75,1.410798
19.76,1.350412
19.77,1.509352
19.78,1.588228
19.80,1.451921
19.81,1.363303
19.82,1.525916
19.83,1.585365
19.84,1.377019
19.85,1.240175
19.86,1.301663
19.88,1.578415
19.89,1.479125
19.90,1.466125
19.91,1.280897
19.92,1.465247
19.93,1.344670
19.95,1.324988
19.96,1.300587
19.97,1.229466
19.98,1.252494
19.99,1.391796
20.00,1.376298
20.02,1.212120
20.03,1.467847
20.04,1.361680
20.05,1.227141
20.06,1.352312
20.07,1.337514
20.09,1.105625
20.10,1.219417
20.11,1.161827
20.12,1.066463
20.13,1.115457
20.14,1.430189
20.15,1.416695
20.17,1.282739
20.18,1.191389
20.19,1.183159
20.20,1.309945
20.21,1.342102
20.22,1.215338
20.24,1.234487
20.25,1.274385
20.26,1.211900
20.27,1.216670
20.28,1.529176
20.29,1.556541
20.31,1.405534
20.32,1.115046
20.33,1.472444
20.34,1.481462
20.35,1.424463
20.36,1.386693
20.38,1.279764
20.39,1.345160
20.40,1.327485
20.41,1.192792
20.42,1.200836
20.43,1.183145
20.45,1.391564
20.46,1.354167
20.47,1.700330
20.48,1.339857
20.49,1.307546
20.50,1.428391
20.51,1.448738
20.53,1.413900
20.54,1.395605
20.55,1.299756
20.56,1.393070
20.57,1.651918
20.58,1.569542
20.60,1.423413
20.61,1.463257
20.62,1.414726
20.63,1.384263
20.64,1.312352
20.65,1.342875
20.67,1.364997
20.68,1.147265
20.69,1.134704
20.70,1.097873
20.71,1.224020
20.72,1.223580
20.74,1.311237
20.75,1.364442
20.76,1.331944
20.77,1.177019
20.78,1.410856
20.79,1.548682
20.81,1.455111
20.82,1.418410
20.83,1.349550
20.84,1.599403
20.85,1.569501
20.86,1.497250
20.87,1.306078
20.89,1.808877
20.90,1.810787
20.91,1.705299
20.92,1.432276
20.93,1.178408
20.94,1.326111
20.96,1.501402
20.97,1.412051
20.98,1.409875
20.99,1.422046
21.00,1.441432
21.01,1.320304
21.03,1.180084
21.04,1.127353
21.05,1.305228
21.06,1.326335
21.07,1.232332
21.08,1.043648
21.10,1.042201
21.11,1.079147
21.12,1.240728
21.13,1.191761
21.14,1.004341
21.15,1.181086
21.16,1.216318
21.18,1.164846
21.19,1.508449
21.20,1.503513
21.21,1.134798
21.22,1.209777
21.23,1.250340
21.25,1.171711
21.26,1.138831
21.27,1.162871
21.28,1.335737
21.29,1.257151
21.30,1.267179
21.32,1.268237
21.33,1.266190
21.34,1.242416
21.35,1.230113
21.36,1.147891
21.37,0.996279
21.39,1.024958
21.40,0.984482
21.41,1.003450
21.42,1.133818
21.43,1.193698
21.44,1.030955
21.46,1.028291
21.47,1.034866
21.48,1.090590
21.49,1.654777
21.50,2.007966
21.51,1.539245
21.52,1.371708
21.54,1.205300
21.55,1.213240
21.56,1.264084
21.57,1.220954
21.58,1.169790
21.59,1.008170
21.61,1.140780
21.62,1.082183
21.63,1.176304
21.64,1.148256
21.65,1.186047
21.66,1.142356
21.68,1.221537
21.69,1.104996
21.70,0.881757
21.71,0.860182
21.72,1.072840
21.73,1.075281
21.75,1.112792
21.76,0.957885
21.77,0.942917
21.78,1.004867
21.79,1.228238
21.80,1.191611
21.82,1.385321
21.83,1.257541
21.84,1.329452
21.85,1.317303
21.86,1.263363
21.87,0.985447
21.88,0.980560
21.90,1.186262
21.91,1.175374
21.92,1.127884
21.93,1.034656
21.94,1.122533
21.95,1.261126
21.97,1.221156
21.98,1.217975
21.99,0.958727
22.00,1.169887
22.01,1.270133
22.02,1.305237
22.04,1.305970
22.05,1.302254
22.06,1.432117
22.07,1.296945
22.08,1.427911
22.09,1.523967
22.11,1.444123
22.12,1.409629
22.13,1.130556
22.14,1.177603
22.15,1.227265
22.16,1.149972
22.18,1.050797
22.19,1.010168
22.20,1.015045
22.21,0.980456
22.22,1.041782
22.23,0.971024
22.24,1.048254
22.26,1.116860
22.27,1.099812
22.28,0.942639
22.29,1.009308
22.30,0.994621
22.31,1.024673
22.33,0.976507
22.34,1.045750
22.35,1.068089
22.36,0.880522
22.37,0.793237
22.38,1.256351
22.40,1.512810
22.41,1.144736
22.42,1.088353
22.43,1.061196
22.44,1.124628
22.45,1.101185
22.47,1.128550
22.48,1.145680
22.49,1.082750
22.50,1.148284
22.51,1.173113
22.52,1.136915
22.53,1.094616
22.55,1.211645
22.56,1.310510
22.57,1.399242
22.58,1.278350
22.59,1.338553
22.60,1.238741
22.62,1.295307
22.63,1.218462
22.64,1.197452
22.65,1.251791
22.66,1.218430
22.67,1.339449
22.69,1.697856
22.70,2.009955
22.71,1.736228
22.72,1.578951
22.73,1.345303
22.74,1.151234
22.76,1.330964
22.77,1.269916
22.78,1.218979
22.79,1.331363
22.80,1.228127
22.81,1.109973
22.83,1.021012
22.84,1.115720
22.85,1.046748
22.86,1.011525
22.87,0.891513
22.88,0.993592
22.89,1.018109
22.91,0.965290
22.92,0.980092
22.93,0.925433
22.94,0.809614
22.95,0.968016
22.96,1.104803
22.98,0.966082
22.99,0.998164
23.00,1.293018
23.01,1.479235
23.02,1.544067
23.03,1.282844
23.05,1.183260
23.06,1.219274
23.07,1.130455
23.08,1.088531
23.09,1.016325
23.10,1.005326
23.12,0.972180
23.13,0.965531
23.14,1.066310
23.15,0.868945
23.16,1.081549
23.17,0.991361
23.19,0.885793
23.20,0.809373
23.21,1.052953
23.22,1.197078
23.23,1.196139
23.24,0.974131
23.25,1.164219
23.27,1.373117
23.28,1.378230
23.29,1.870795
23.30,1.843824
23.31,1.610739
23.32,1.771782
23.34,1.464133
23.35,1.352933
23.36,1.251620
23.37,1.306401
23.38,1.271910
23.39,1.169130
23.41,1.201356
23.42,1.204627
23.43,1.284192
23.44,1.284295
23.45,1.442424
23.46,1.484100
23.48,1.482643
23.49,1.430087
23.50,1.545442
23.51,1.318042
23.52,1.364037
23.53,1.300556
23.55,1.454840
23.56,1.263939
23.57,1.096230
23.58,0.979911
23.59,1.465604
23.60,1.721073
23.61,1.443239
23.63,1.210690
23.64,1.300079
23.65,1.408511
23.66,1.406933
23.67,1.263711
23.68,1.252447
23.70,1.131751
23.71,1.222116
23.72,1.145203
23.73,1.073059
23.74,1.039593
23.75,1.172304
23.77,1.159597
23.78,1.108667
23.79,1.030834
23.80,0.861384
23.81,1.039631
23.82,1.108240
23.84,1.124171
23.85,1.156656
23.86,1.021853
23.87,0.885779
23.88,1.395523
23.89,1.730335
23.90,1.759134
23.92,1.354073
23.93,1.089398
23.94,1.037859
23.95,0.983281
23.96,1.042749
23.97,1.076571
23.99,1.131228
24.00,1.090289
24.01,1.205106
24.02,1.105393
24.03,1.020497
24.04,1.273096
24.06,1.302627
24.07,1.009380
24.08,1.030432
24.09,1.105819
24.10,0.960197
24.11,0.802624
24.13,0.946418
24.14,0.954637
24.15,0.906271
24.16,0.960007
24.17,0.806742
24.18,0.748671
24.20,0.909358
24.21,1.078565
24.22,1.328519
24.23,1.430727
24.24,1.173878
24.25,1.081642
24.26,1.174436
24.28,1.207336
24.29,1.098439
24.30,1.095992
24.31,1.040473
24.32,1.072139
24.33,0.977234
24.35,0.884499
24.36,0.944361
24.37,0.935977
24.38,1.002578
24.39,1.186875
24.40,1.234734
24.42,1.314304
24.43,1.222024
24.44,1.394306
24.45,1.335795
24.46,1.435346
24.47,1.561489
24.49,1.619862
24.50,1.661161
24.51,1.629539
24.52,1.657532
24.53,1.213451
24.54,1.294236
24.56,1.222289
24.57,1.037656
24.58,0.995915
24.59,1.026892
24.60,1.224782
24.61,1.309218
24.62,1.205608
24.64,1.314850
24.65,1.095885
24.66,1.043748
24.67,1.033760
24.68,0.927144
24.69,1.032959
24.71,1.150462
24.72,1.118561
24.73,1.123667
24.74,1.030928
24.75,0.907286
24.76,0.900132
24.78,0.971634
24.79,1.230881
24.80,1.419824
24.81,1.524200
24.82,1.505831
24.83,1.350001
24.85,1.418681
24.86,1.535112
24.87,1.424659
24.88,1.147378
24.89,1.034875
24.90,1.116385
24.92,1.302402
24.93,1.306481
24.94,1.343112
24.95,1.285470
24.96,1.441792
24.97,1.475561
24.98,1.214963
25.00,1.356820
25.01,1.364861
25.02,1.208523
25.03,1.199933
25.04,1.048869
25.05,1.090529
25.07,1.144342
25.08,1.492851
25.09,1.671130
25.10,1.365997
25.11,1.121731
25.12,1.315185
25.14,1.425013
25.15,1.481409
25.16,1.281780
25.17,1.137242
25.18,1.079436
25.19,0.910279
25.21,0.915917
25.22,1.172656
25.23,1.328342
25.24,1.090413
25.25,1.136903
25.26,0.885725
25.27,0.890694
25.29,0.981288
25.30,0.982015
25.31,1.080654
25.32,0.912737
25.33,0.976520
25.34,1.100226
25.36,0.993618
25.37,1.003834
25.38,0.947129
25.39,1.522806
25.40,1.601823
25.41,1.459795
25.43,1.255531
25.44,1.068397
25.45,1.479308
25.46,1.356353
25.47,1.053524
25.48,1.181854
25.50,1.331149
25.51,1.115914
25.52,0.830498
25.53,1.043419
25.54,1.174644
25.55,1.173559
25.57,0.972164
25.58,0.858438
25.59,1.189203
25.60,1.127314
25.61,1.038117
25.62,0.995650
25.63,1.103214
25.65,1.050719
25.66,1.067646
25.67,1.183374
25.68,1.495104
25.69,1.380461
25.70,1.364324
25.72,1.207022
25.73,1.114444
25.74,1.186142
25.75,1.097909
25.76,1.309775
25.77,1.300788
25.79,1.314898
25.80,1.162863
25.81,1.209042
25.82,1.315694
25.83,1.237072
25.84,0.981334
25.86,1.227257
25.87,1.263919
25.88,1.095872
25.89,0.971529
25.90,1.073346
25.91,1.129670
25.93,1.046621
25.94,1.175290
25.95,1.149112
25.96,1.068981
25.97,0.933342
25.98,1.186580
25.99,1.462758
26.01,1.394457
26.02,1.216277
26.03,1.277486
26.04,1.166248
26.05,1.227752
26.06,1.307141
26.08,1.348364
26.09,1.365337
26.10,1.347064
26.11,1.347781
26.12,1.350014
26.13,1.351989
26.15,1.225763
26.16,1.251229
26.17,1.266174
26.18,1.098045
26.19,1.153179
26.20,1.229186
26.22,1.211920
26.23,1.202649
26.24,1.258768
26.25,1.250670
26.26,1.149623
26.27,1.154961
26.28,1.157066
26.30,1.732163
26.31,1.634458
26.32,1.333305
26.33,1.458987
26.34,1.284492
26.35,1.320571
26.37,1.146159
26.38,1.233467
26.39,1.254717
26.40,1.062616
26.41,1.128177
26.42,1.125592
26.44,1.156836
26.45,1.136531
26.46,1.127671
26.47,1.105313
26.48,1.025416
26.49,1.184399
26.51,1.039302
26.52,1.066053
26.53,1.069968
26.54,1.127896
26.55,1.096016
26.56,1.083853
26.58,1.196168
26.59,1.466807
26.60,1.593999
26.61,1.578663
26.62,1.210240
26.63,1.136840
26.64,1.137943
26.66,1.094406
26.67,0.970987
26.68,0.971714
26.69,1.093454
26.70,1.133905
26.71,1.061400
26.73,1.208498
26.74,1.295153
26.75,1.314279
26.76,1.081195
26.77,0.985889
26.78,1.315176
26.80,1.141057
26.81,1.091004
26.82,0.910427
26.83,1.067488
26.84,1.265404
26.85,1.204238
26.87,1.146810
26.88,1.348469
26.89,1.794037
26.90,1.889484
26.91,1.713442
26.92,1.400129
26.94,1.239065
26.95,1.217730
26.96,1.247004
26.97,1.209115
26.98,1.253896
26.99,1.401114
27.00,1.194052
27.02,1.162101
27.03,1.087768
27.04,1.054367
27.05,1.291499
27.06,1.174453
27.07,1.178430
27.09,1.169614
27.10,1.167629
27.11,1.167675
27.12,1.040361
27.13,1.330687
27.14,1.043458
27.16,1.005585
27.17,1.012796
27.18,1.101387
27.19,1.534485
27.20,1.588581
27.21,1.454125
27.23,1.290212
27.24,1.060481
27.25,1.094441
27.26,1.144596
27.27,1.190842
27.28,1.226784
27.30,1.112280
27.31,1.080118
27.32,1.200450
27.33,1.240612
27.34,1.111185
27.35,1.192690
27.36,1.364999
27.38,1.094191
27.39,1.046986
27.40,1.061497
27.41,1.237623
27.42,1.273446
27.43,1.312756
27.45,1.324459
27.46,1.113448
27.47,1.014617
27.48,1.375448
27.49,1.717114
27.50,1.541489
27.52,1.192773
27.53,1.172093
27.54,1.115082
27.55,1.033871
27.56,1.072931
27.57,1.067248
27.59,1.180403
27.60,1.198869
27.61,1.305710
27.62,1.183844
27.63,1.244677
27.64,1.181499
27.65,1.121904
27.67,0.995506
27.68,1.048855
27.69,1.093685
27.70,1.037378
27.71,1.028939
27.72,1.049149
27.74,1.084131
27.75,0.951166
27.76,0.844984
27.77,0.878424
27.78,0.860887
27.79,0.912817
27.81,1.083565
27.82,1.377264
27.83,1.534274
27.84,1.296427
27.85,1.017053
27.86,0.885850
27.88,1.205333
27.89,1.340441
27.90,1.289429
27.91,1.185563
27.92,1.236073
27.93,0.966901
27.95,1.033714
27.96,1.235735
27.97,1.067067
27.98,1.011196
27.99,0.928473
28.00,0.996227
28.01,1.002743
28.03,0.972348
28.04,1.051469
28.05,1.028186
28.06,1.143584
28.07,1.323314
28.08,1.635397
28.10,1.659074
28.11,1.413675
28.12,1.254691
28.13,1.109346
28.14,1.156051
28.15,1.227540
28.17,1.265879
28.18,1.280511
28.19,1.000106
28.20,1.231928
28.21,1.142685
28.22,1.081436
28.24,1.073828
28.25,1.016844
28.26,1.074571
28.27,0.781399
28.28,0.987658
28.29,1.005928
28.31,0.862307
28.32,0.835280
28.33,0.880355
28.34,0.967603
28.35,0.795557
28.36,0.820580
28.37,1.069882
28.39,1.340613
28.40,1.346526
28.41,1.093315
28.42,1.062470
28.43,1.130764
28.44,1.288582
28.46,1.671609
28.47,1.565465
28.48,1.146029
28.49,1.261086
28.50,1.356156
28.51,1.279909
28.53,1.040070
28.54,1.099163
28.55,0.941427
28.56,0.925150
28.57,1.042702
28.58,0.998462
28.60,0.969252
28.61,1.045600
28.62,1.137349
28.63,1.222666
28.64,1.125067
28.65,1.036768
28.67,1.098175
28.68,0.928295
28.69,1.475272
28.70,1.799801
28.71,1.450411
28.72,1.482491
28.73,1.176556
28.75,1.188245
28.76,1.092519
28.77,0.954992
28.78,0.982733
28.79,0.887888
28.80,0.918604
28.82,0.877807
28.83,0.954964
28.84,0.993048
28.85,0.908860
28.86,0.984504
28.87,0.899537
28.89,0.952040
28.90,0.882672
28.91,0.860604
28.92,0.941255
28.93,0.965660
28.94,0.955318
28.96,0.957902
28.97,0.916093
28.98,0.761104
28.99,1.090497
29.00,1.289070
29.01,1.225075
29.02,1.270469
29.04,1.238446
29.05,0.907965
29.06,0.895210
29.07,1.001618
29.08,0.844572
29.09,0.862751
29.11,0.981375
29.12,1.026229
29.13,0.949774
29.14,0.930986
29.15,1.049683
29.16,1.113418
29.18,0.901986
29.19,0.824942
29.20,0.997327
29.21,1.028239
29.22,0.963037
29.23,1.013919
29.25,1.014285
29.26,0.890113
29.27,0.948421
29.28,1.406593
29.29,1.502236
29.30,1.292205
29.32,1.033719
29.33,0.891096
29.34,1.023468
29.35,1.194740
29.36,1.125930
29.37,1.247038
29.38,1.008218
29.40,1.092878
29.41,1.108309
29.42,0.850103
29.43,1.045964
29.44,1.168577
29.45,0.974295
29.47,1.026290
29.48,1.062908
29.49,0.827451
29.50,0.776581
29.51,0.809015
29.52,0.737617
29.54,0.869397
29.55,1.017462
29.56,1.030532
29.57,1.164329
29.58,1.297744
29.59,1.280961
29.61,1.206132
29.62,1.030231
29.63,0.849935
29.64,0.970524
29.65,0.999338
29.66,0.935210
29.68,0.957234
29.69,0.996360
29.70,1.023483
29.71,1.102885
29.72,1.065851
29.73,1.026676
29.74,1.024628
29.76,1.007917
29.77,0.917814
29.78,0.848858
29.79,0.786680
29.80,0.875673
29.81,0.939758
29.83,0.893164
29.84,0.868786
29.85,0.754668
29.86,0.693679
29.87,0.810484
