0.00,0.000011
0.01,0.000014
0.02,0.000014
0.03,0.000017
0.05,0.000019
0.06,0.000016
0.07,0.000015
0.08,0.000015
0.09,0.000017
0.10,0.000019
0.12,0.000020
0.13,0.000018
0.14,0.000015
0.15,0.000017
0.16,0.000016
0.17,0.000017
0.19,0.000022
0.20,0.000023
0.21,0.009711
0.22,0.224906
0.23,0.577646
0.24,1.055551
0.26,0.978862
0.27,0.705445
0.28,0.088939
0.29,0.191986
0.30,0.183182
0.31,0.080596
0.33,0.165881
0.34,0.140254
0.35,0.127905
0.36,0.114263
0.37,0.066854
0.38,0.126775
0.39,0.108557
0.41,0.160691
0.42,0.086801
0.43,0.069292
0.44,0.087154
0.45,0.100212
0.46,0.090584
0.48,0.061561
0.49,0.055381
0.50,0.045748
0.51,0.035124
0.52,0.006294
0.53,0.071396
0.55,0.096535
0.56,0.102906
0.57,0.039860
0.58,0.032972
0.59,0.075600
0.60,0.091533
0.62,0.085956
0.63,0.043906
0.64,0.091184
0.65,0.083189
0.66,0.076943
0.67,0.011721
0.68,0.060347
0.70,0.090356
0.71,0.089382
0.72,0.062518
0.73,0.047149
0.74,0.067916
0.75,0.068931
0.77,0.021353
0.78,0.024549
0.79,0.040341
0.80,0.064073
0.81,0.036485
0.82,0.018043
0.84,0.024082
0.85,0.040586
0.86,0.032107
0.87,0.045337
0.88,0.167490
0.89,0.581845
0.91,0.894603
0.92,0.893118
0.93,0.626681
0.94,0.046688
0.95,0.177255
0.96,0.193468
0.98,0.123809
0.99,0.172755
1.00,0.100526
1.01,0.107898
1.02,0.120541
1.03,0.076952
1.04,0.111902
1.06,0.119214
1.07,0.116651
1.08,0.023822
1.09,0.060118
1.10,0.069212
1.11,0.037082
1.13,0.036830
1.14,0.048287
1.15,0.041430
1.16,0.030432
1.17,0.041691
1.18,0.054447
1.20,0.062220
1.21,0.053094
1.22,0.043328
1.23,0.021734
1.24,0.025023
1.25,0.038452
1.27,0.018362
1.28,0.020164
1.29,0.020343
1.30,0.015518
1.31,0.017107
1.32,0.005690
1.34,0.009752
1.35,0.004560
1.36,0.006510
1.37,0.006211
1.38,0.004727
1.39,0.006515
1.40,0.006334
1.42,0.004949
1.43,0.005258
1.44,0.004306
1.45,0.006746
1.46,0.007237
1.47,0.004132
1.49,0.008607
1.50,0.020026
1.51,0.025830
1.52,0.035128
1.53,0.050369
1.54,0.092427
1.56,0.013612
1.57,0.065414
1.58,0.020599
1.59,0.017122
1.60,0.018525
1.61,0.017532
1.63,0.026583
1.64,0.010232
1.65,0.030852
1.66,0.005949
1.67,0.014206
1.68,0.034838
1.70,0.012455
1.71,0.025826
1.72,0.012440
1.73,0.045106
1.74,0.034226
1.75,0.020683
1.76,0.032811
1.78,0.007990
1.79,0.011461
1.80,0.026630
1.81,0.017223
1.82,0.017779
1.83,0.020574
1.85,0.012998
1.86,0.014505
1.87,0.016569
1.88,0.009535
1.89,0.009671
1.90,0.004149
1.92,0.009977
1.93,0.004555
1.94,0.007147
1.95,0.005815
1.96,0.007311
1.97,0.010717
1.99,0.004601
2.00,0.008999
2.01,0.005587
2.02,0.005058
2.03,0.007941
2.04,0.003607
2.05,0.006347
2.07,0.007359
2.08,0.000619
2.09,0.003487
2.10,0.003487
2.11,0.000629
2.12,0.000644
2.14,0.002059
2.15,0.004752
2.16,0.007291
2.17,0.002967
2.18,0.008080
2.19,0.010457
2.21,0.010089
2.22,0.017171
2.23,0.011918
2.24,0.017392
2.25,0.007815
2.26,0.006069
2.28,0.006499
2.29,0.007318
2.30,0.003655
2.31,0.007619
2.32,0.004363
2.33,0.002461
2.35,0.003688
2.36,0.001989
2.37,0.003011
2.38,0.001203
2.39,0.001820
2.40,0.001602
2.41,0.003571
2.43,0.003164
2.44,0.006226
2.45,0.012068
2.46,0.057726
2.47,0.501621
2.48,1.007572
2.50,0.609301
2.51,0.469990
2.52,0.462008
2.53,0.458073
2.54,0.264256
2.55,0.281495
2.57,0.318800
2.58,0.190489
2.59,0.210921
2.60,0.169181
2.61,0.102691
2.62,0.014245
2.64,0.049562
2.65,0.031035
2.66,0.124332
2.67,0.081291
2.68,0.079829
2.69,0.026529
2.71,0.030224
2.72,0.037034
2.73,0.033613
2.74,0.054489
2.75,0.035019
2.76,0.044630
2.77,0.028994
2.79,0.016836
2.80,0.019028
2.81,0.023295
2.82,0.041899
2.83,0.071057
2.84,0.043273
2.86,0.067164
2.87,0.037098
2.88,0.013036
2.89,0.040799
2.90,0.015805
2.91,0.010759
2.93,0.010419
2.94,0.040997
2.95,0.034110
2.96,0.024177
2.97,0.028180
2.98,0.012053
3.00,0.024985
3.01,0.019356
3.02,0.012705
3.03,0.013463
3.04,0.013725
3.05,0.008625
3.07,0.021089
3.08,0.015693
3.09,0.018007
3.10,0.024538
3.11,0.011327
3.12,0.016351
3.13,0.014613
3.15,0.006589
3.16,0.006968
3.17,0.004341
3.18,0.006771
3.19,0.008204
3.20,0.003324
3.22,0.010268
3.23,0.013123
3.24,0.009553
3.25,0.017730
3.26,0.010384
3.27,0.010141
3.29,0.008795
3.30,0.004748
3.31,0.005825
3.32,0.006209
3.33,0.001067
3.34,0.005623
3.36,0.006761
3.37,0.002708
3.38,0.005834
3.39,0.008563
3.40,0.007580
3.41,0.178116
3.42,0.687983
3.44,0.910951
3.45,0.902634
3.46,0.513721
3.47,0.304417
3.48,0.287401
3.49,0.180044
3.51,0.241474
3.52,0.101394
3.53,0.098036
3.54,0.131342
3.55,0.143788
3.56,0.102143
3.58,0.086336
3.59,0.074493
3.60,0.083729
3.61,0.061932
3.62,0.116779
3.63,0.063787
3.65,0.056560
3.66,0.043357
3.67,0.040048
3.68,0.075759
3.69,0.061705
3.70,0.054118
3.72,0.052938
3.73,0.082921
3.74,0.037371
3.75,0.031320
3.76,0.052743
3.77,0.048011
3.78,0.102348
3.80,0.052768
3.81,0.020856
3.82,0.050095
3.83,0.015090
3.84,0.029822
3.85,0.015390
3.87,0.018594
3.88,0.026925
3.89,0.008512
3.90,0.024331
3.91,0.009424
3.92,0.002169
3.94,0.006632
3.95,0.006154
3.96,0.006489
3.97,0.014583
3.98,0.015078
3.99,0.019841
4.01,0.006478
4.02,0.012533
4.03,0.012463
4.04,0.128215
4.05,0.433205
4.06,0.597045
4.08,0.589461
4.09,0.322261
4.10,0.162502
4.11,0.202120
4.12,0.142448
4.13,0.161957
4.14,0.096160
4.16,0.074285
4.17,0.065215
4.18,0.088792
4.19,0.096525
4.20,0.106152
4.21,0.031880
4.23,0.058587
4.24,0.052621
4.25,0.005374
4.26,0.029890
4.27,0.015050
4.28,0.032433
4.30,0.075263
4.31,0.076270
4.32,0.052683
4.33,0.018550
4.34,0.017521
4.35,0.022608
4.37,0.021895
4.38,0.014164
4.39,0.024700
4.40,0.040618
4.41,0.026247
4.42,0.010966
4.44,0.017349
4.45,0.030680
4.46,0.036726
4.47,0.030342
4.48,0.033439
4.49,0.043347
4.50,0.045884
4.52,0.042473
4.53,0.032924
4.54,0.025473
4.55,0.038739
4.56,0.034645
4.57,0.024528
4.59,0.016238
4.60,0.021247
4.61,0.019511
4.62,0.015041
4.63,0.015757
4.64,0.018832
4.66,0.022428
4.67,0.023078
4.68,0.022898
4.69,0.035744
4.70,0.045839
4.71,0.053330
4.73,0.028867
4.74,0.058469
4.75,0.049221
4.76,0.054944
4.77,0.030042
4.78,0.022518
4.79,0.037232
4.81,0.025674
4.82,0.018582
4.83,0.034284
4.84,0.018553
4.85,0.017504
4.86,0.028907
4.88,0.018346
4.89,0.022298
4.90,0.022746
4.91,0.013704
4.92,0.018337
4.93,0.018968
4.95,0.014810
4.96,0.016844
4.97,0.007820
4.98,0.009305
4.99,0.080547
5.00,0.493392
5.02,0.959656
5.03,0.534167
5.04,0.463634
5.05,0.391264
5.06,0.342249
5.07,0.177039
5.09,0.208003
5.10,0.267359
5.11,0.140534
5.12,0.137451
5.13,0.070031
5.14,0.047355
5.15,0.026884
5.17,0.058227
5.18,0.034225
5.19,0.054415
5.20,0.035339
5.21,0.034713
5.22,0.027707
5.24,0.025234
5.25,0.031388
5.26,0.032880
5.27,0.042444
5.28,0.034246
5.29,0.070528
5.31,0.062890
5.32,0.127477
5.33,0.025514
5.34,0.059235
5.35,0.040503
5.36,0.055077
5.38,0.051867
5.39,0.067690
5.40,0.036013
5.41,0.026808
5.42,0.025131
5.43,0.016792
5.45,0.035211
5.46,0.045705
5.47,0.031493
5.48,0.031066
5.49,0.034357
5.50,0.033984
5.51,0.027573
5.53,0.015318
5.54,0.010360
5.55,0.007312
5.56,0.010923
5.57,0.009613
5.58,0.011464
5.60,0.015990
5.61,0.007448
5.62,0.042231
5.63,0.017655
5.64,0.042733
5.65,0.023515
5.67,0.008847
5.68,0.014210
5.69,0.030834
5.70,0.013758
5.71,0.029069
5.72,0.023160
5.74,0.017101
5.75,0.022590
5.76,0.010034
5.77,0.008251
5.78,0.016866
5.79,0.008977
5.80,0.011415
5.82,0.019472
5.83,0.007377
5.84,0.014730
5.85,0.010239
5.86,0.008241
5.87,0.013454
5.89,0.005785
5.90,0.010327
5.91,0.004911
5.92,0.016631
5.93,0.060783
5.94,0.493655
5.96,0.949606
5.97,0.725631
5.98,0.390126
5.99,0.280026
6.00,0.296561
6.01,0.333827
6.03,0.347666
6.04,0.216420
6.05,0.240008
6.06,0.256112
6.07,0.124973
6.08,0.074732
6.10,0.089828
6.11,0.148788
6.12,0.086720
6.13,0.081904
6.14,0.061232
6.15,0.053622
6.16,0.014082
6.18,0.046914
6.19,0.037894
6.20,0.005406
6.21,0.006313
6.22,0.009885
6.23,0.014551
6.25,0.044963
6.26,0.055270
6.27,0.087312
6.28,0.056000
6.29,0.044202
6.30,0.141764
6.32,0.034414
6.33,0.066427
6.34,0.034239
6.35,0.012871
6.36,0.040569
6.37,0.027144
6.39,0.040931
6.40,0.011446
6.41,0.023055
6.42,0.036919
6.43,0.006360
6.44,0.014772
6.46,0.013624
6.47,0.048313
6.48,0.006278
6.49,0.028527
6.50,0.014575
6.51,0.011335
6.52,0.010268
6.54,0.017587
6.55,0.007508
6.56,0.017509
6.57,0.043034
6.58,0.099845
6.59,0.446634
6.61,0.669572
6.62,0.312898
6.63,0.306831
6.64,0.462740
6.65,0.452624
6.66,0.233633
6.68,0.099688
6.69,0.163736
6.70,0.150037
6.71,0.143450
6.72,0.089915
6.73,0.098111
6.75,0.073506
6.76,0.068541
6.77,0.050147
6.78,0.042701
6.79,0.041170
6.80,0.038946
6.82,0.072959
6.83,0.049776
6.84,0.048972
6.85,0.017861
6.86,0.044872
6.87,0.065199
6.88,0.049760
6.90,0.254614
6.91,0.501319
6.92,0.453476
6.93,0.395606
6.94,0.126233
6.95,0.247390
6.97,0.162700
6.98,0.216095
6.99,0.067583
7.00,0.159271
7.01,0.165355
7.02,0.074070
7.04,0.121809
7.05,0.099986
7.06,0.124734
7.07,0.089486
7.08,0.064360
7.09,0.067651
7.11,0.090391
7.12,0.029418
7.13,0.040949
7.14,0.060111
7.15,0.040390
7.16,0.049427
7.17,0.036952
7.19,0.011014
7.20,0.021423
7.21,0.022239
7.22,0.032103
7.23,0.022269
7.24,0.015267
7.26,0.019576
7.27,0.024762
7.28,0.030448
7.29,0.013835
7.30,0.020162
7.31,0.017508
7.33,0.007876
7.34,0.013206
7.35,0.020318
7.36,0.010400
7.37,0.017163
7.38,0.012099
7.40,0.005811
7.41,0.012055
7.42,0.009502
7.43,0.004818
7.44,0.013129
7.45,0.007323
7.47,0.005120
7.48,0.004271
7.49,0.005082
7.50,0.011779
7.51,0.097209
7.52,0.578016
7.53,1.053504
7.55,0.966168
7.56,0.713286
7.57,0.326686
7.58,0.383938
7.59,0.168167
7.60,0.237321
7.62,0.279999
7.63,0.216123
7.64,0.224625
7.65,0.100095
7.66,0.108258
7.67,0.066822
7.69,0.078649
7.70,0.050937
7.71,0.098348
7.72,0.077232
7.73,0.069281
7.74,0.029755
7.76,0.019889
7.77,0.043786
7.78,0.025887
7.79,0.040741
7.80,0.010067
7.81,0.006618
7.83,0.029057
7.84,0.030559
7.85,0.010415
7.86,0.015332
7.87,0.024985
7.88,0.051045
7.89,0.081478
7.91,0.049013
7.92,0.084503
7.93,0.033872
7.94,0.038370
7.95,0.032926
7.96,0.032366
7.98,0.008491
7.99,0.027159
8.00,0.024631
8.01,0.020046
8.02,0.031691
8.03,0.012655
8.05,0.016030
8.06,0.004510
8.07,0.006881
8.08,0.010045
8.09,0.016019
8.10,0.003872
8.12,0.006620
8.13,0.007645
8.14,0.008865
8.15,0.038813
8.16,0.181060
8.17,0.269953
8.19,0.279294
8.20,0.183735
8.21,0.158665
8.22,0.144116
8.23,0.178943
8.24,0.084445
8.25,0.117870
8.27,0.133986
8.28,0.105588
8.29,0.093968
8.30,0.077399
8.31,0.115426
8.32,0.090735
8.34,0.098764
8.35,0.085548
8.36,0.103944
8.37,0.084504
8.38,0.077575
8.39,0.077660
8.41,0.093967
8.42,0.087274
8.43,0.083470
8.44,0.113473
8.45,0.129210
8.46,0.129304
8.48,0.120613
8.49,0.210058
8.50,0.535541
8.51,0.732353
8.52,0.474465
8.53,0.363171
8.54,0.221683
8.56,0.128612
8.57,0.103997
8.58,0.189642
8.59,0.138494
8.60,0.077871
8.61,0.098114
8.63,0.146990
8.64,0.150381
8.65,0.157305
8.66,0.101410
8.67,0.079266
8.68,0.088122
8.70,0.092816
8.71,0.098962
8.72,0.075052
8.73,0.083012
8.74,0.078510
8.75,0.054142
8.77,0.038958
8.78,0.035243
8.79,0.023477
8.80,0.033779
8.81,0.061816
8.82,0.028852
8.84,0.052858
8.85,0.022160
8.86,0.029427
8.87,0.040843
8.88,0.009799
8.89,0.022738
8.90,0.009524
8.92,0.002737
8.93,0.015390
8.94,0.006005
8.95,0.009765
8.96,0.011898
8.97,0.001497
8.99,0.001884
9.00,0.014322
9.01,0.008691
9.02,0.014872
9.03,0.010749
9.04,0.004051
9.06,0.012298
9.07,0.002639
9.08,0.024516
9.09,0.220620
9.10,0.627890
9.11,1.085134
9.13,0.938498
9.14,0.674106
9.15,0.081785
9.16,0.159537
9.17,0.163166
9.18,0.155924
9.20,0.227464
9.21,0.202344
9.22,0.238427
9.23,0.052344
9.24,0.176115
9.25,0.192964
9.26,0.204337
9.28,0.147010
9.29,0.121833
9.30,0.198889
9.31,0.173872
9.32,0.115439
9.33,0.079817
9.35,0.087421
9.36,0.090992
9.37,0.037483
9.38,0.086312
9.39,0.067207
9.40,0.036503
9.42,0.156453
9.43,0.373859
9.44,0.663883
9.45,0.565484
9.46,0.392991
9.47,0.251455
9.49,0.328876
9.50,0.062552
9.51,0.204744
9.52,0.191467
9.53,0.106357
9.54,0.133261
9.56,0.172543
9.57,0.174230
9.58,0.090597
9.59,0.135721
9.60,0.140334
9.61,0.126014
9.62,0.116431
9.64,0.056466
9.65,0.098517
9.66,0.058377
9.67,0.043829
9.68,0.051737
9.69,0.069366
9.71,0.054576
9.72,0.062414
9.73,0.048995
9.74,0.063424
9.75,0.074955
9.76,0.031965
9.78,0.026158
9.79,0.021243
9.80,0.027052
9.81,0.013466
9.82,0.022222
9.83,0.016795
9.85,0.013915
9.86,0.026377
9.87,0.020789
9.88,0.021051
9.89,0.020671
9.90,0.019437
9.91,0.014980
9.93,0.018048
9.94,0.017442
9.95,0.011393
9.96,0.013546
9.97,0.017321
9.98,0.008905
10.00,0.013587
10.01,0.011852
10.02,0.011728
10.03,0.003815
10.04,0.065001
10.05,0.528073
10.07,1.021060
10.08,0.647877
10.09,0.478346
10.10,0.437067
10.11,0.416233
10.12,0.233540
10.14,0.247389
10.15,0.305697
10.16,0.214697
10.17,0.195721
10.18,0.199462
10.19,0.093903
10.21,0.055885
10.22,0.093421
10.23,0.056736
10.24,0.114417
10.25,0.108633
10.26,0.123437
10.27,0.035990
10.29,0.036900
10.30,0.053303
10.31,0.051800
10.32,0.061865
10.33,0.016531
10.34,0.027955
10.36,0.056327
10.37,0.072629
10.38,0.074445
10.39,0.061333
10.40,0.041281
10.41,0.032996
10.43,0.049010
10.44,0.042366
10.45,0.025712
10.46,0.011750
10.47,0.035612
10.48,0.040556
10.50,0.031184
10.51,0.036190
10.52,0.017081
10.53,0.019708
10.54,0.015282
10.55,0.035376
10.57,0.038749
10.58,0.033089
10.59,0.053724
10.60,0.004187
10.61,0.019028
10.62,0.013580
10.63,0.015898
10.65,0.012980
10.66,0.014806
10.67,0.011360
10.68,0.015107
10.69,0.018671
10.70,0.017124
10.72,0.007392
10.73,0.009675
10.74,0.008620
10.75,0.009889
10.76,0.004060
10.77,0.022062
10.79,0.019571
10.80,0.020607
10.81,0.007664
10.82,0.011232
10.83,0.012152
10.84,0.003719
10.86,0.009458
10.87,0.011743
10.88,0.002690
10.89,0.010160
10.90,0.011022
10.91,0.001648
10.92,0.010053
10.94,0.006000
10.95,0.003711
10.96,0.005285
10.97,0.018609
10.98,0.143591
10.99,0.438200
11.01,0.866598
11.02,0.696648
11.03,0.524407
11.04,0.224149
11.05,0.246128
11.06,0.110196
11.08,0.069713
11.09,0.233898
11.10,0.161220
11.11,0.152160
11.12,0.107695
11.13,0.129583
11.15,0.147224
11.16,0.131460
11.17,0.096445
11.18,0.021172
11.19,0.065477
11.20,0.055777
11.22,0.091844
11.23,0.066676
11.24,0.039252
11.25,0.063941
11.26,0.053061
11.27,0.071901
11.28,0.039324
11.30,0.035909
11.31,0.021613
11.32,0.037979
11.33,0.040619
11.34,0.061816
11.35,0.074931
11.37,0.036610
11.38,0.086823
11.39,0.019316
11.40,0.021562
11.41,0.012885
11.42,0.021966
11.44,0.028109
11.45,0.023979
11.46,0.043472
11.47,0.027341
11.48,0.040008
11.49,0.017643
11.51,0.003792
11.52,0.006839
11.53,0.022310
11.54,0.018586
11.55,0.016038
11.56,0.010911
11.58,0.008510
11.59,0.013599
11.60,0.007286
11.61,0.009003
11.62,0.030187
11.63,0.137046
11.64,0.418516
11.66,0.621446
11.67,0.321205
11.68,0.335756
11.69,0.244546
11.70,0.252810
11.71,0.127702
11.73,0.087829
11.74,0.198300
11.75,0.130907
11.76,0.144111
11.77,0.099083
11.78,0.042343
11.80,0.100076
11.81,0.081870
11.82,0.137063
11.83,0.090077
11.84,0.045549
11.85,0.051055
11.87,0.054215
11.88,0.033060
11.89,0.014082
11.90,0.032307
11.91,0.029867
11.92,0.038578
11.94,0.019790
11.95,0.009451
11.96,0.028654
11.97,0.018755
11.98,0.034766
11.99,0.016219
12.00,0.024095
12.02,0.030333
12.03,0.030865
12.04,0.032262
12.05,0.006351
12.06,0.016250
12.07,0.017368
12.09,0.009863
12.10,0.014480
12.11,0.019299
12.12,0.012977
12.13,0.022507
12.14,0.018748
12.16,0.009390
12.17,0.019037
12.18,0.013885
12.19,0.006838
12.20,0.017472
12.21,0.013705
12.23,0.013185
12.24,0.010409
12.25,0.005728
12.26,0.000922
12.27,0.017607
12.28,0.016954
12.29,0.015445
12.31,0.003005
12.32,0.009985
12.33,0.008051
12.34,0.005953
12.35,0.006860
12.36,0.008699
12.38,0.011267
12.39,0.011704
12.40,0.000899
12.41,0.010425
12.42,0.011295
12.43,0.008514
12.45,0.011760
12.46,0.003955
12.47,0.008533
12.48,0.006576
12.49,0.001635
12.50,0.005739
12.52,0.003892
12.53,0.003731
12.54,0.005365
12.55,0.002617
12.56,0.020282
12.57,0.230366
12.59,0.552506
12.60,0.981385
12.61,0.580681
12.62,0.459218
12.63,0.315857
12.64,0.226775
12.65,0.157238
12.67,0.188425
12.68,0.242456
12.69,0.197786
12.70,0.196466
12.71,0.076703
12.72,0.052792
12.74,0.025032
12.75,0.063251
12.76,0.046823
12.77,0.041359
12.78,0.040973
12.79,0.033013
12.81,0.052717
12.82,0.034611
12.83,0.036348
12.84,0.057813
12.85,0.055621
12.86,0.045366
12.88,0.017230
12.89,0.052652
12.90,0.017209
12.91,0.023701
12.92,0.027632
12.93,0.016331
12.95,0.027896
12.96,0.015550
12.97,0.026500
12.98,0.042608
12.99,0.006147
13.00,0.059705
13.01,0.011816
13.03,0.026127
13.04,0.014145
13.05,0.027683
13.06,0.021949
13.07,0.025765
13.08,0.011547
13.10,0.023215
13.11,0.010624
13.12,0.010543
13.13,0.004006
13.14,0.017649
13.15,0.014339
13.17,0.008487
13.18,0.008581
13.19,0.022712
13.20,0.042587
13.21,0.181067
13.22,0.579209
13.24,0.992894
13.25,0.869035
13.26,0.562817
13.27,0.230936
13.28,0.287495
13.29,0.103919
13.31,0.115660
13.32,0.160334
13.33,0.146669
13.34,0.156183
13.35,0.078059
13.36,0.030220
13.37,0.061923
13.39,0.054585
13.40,0.084515
13.41,0.042772
13.42,0.067066
13.43,0.026072
13.44,0.039919
13.46,0.062737
13.47,0.065226
13.48,0.053566
13.49,0.036214
13.50,0.014541
13.51,0.025953
13.53,0.036853
13.54,0.039485
13.55,0.113454
13.56,0.044685
13.57,0.058240
13.58,0.073026
13.60,0.040265
13.61,0.040152
13.62,0.119744
13.63,0.085633
13.64,0.061209
13.65,0.042584
13.66,0.061351
13.68,0.034284
13.69,0.047804
13.70,0.038595
13.71,0.025780
13.72,0.034982
13.73,0.036128
13.75,0.015619
13.76,0.014894
13.77,0.021911
13.78,0.027590
13.79,0.049567
13.80,0.025802
13.82,0.034514
13.83,0.009922
13.84,0.023641
13.85,0.008127
13.86,0.009778
13.87,0.002593
13.89,0.022459
13.90,0.019934
13.91,0.033678
13.92,0.014631
13.93,0.032347
13.94,0.011319
13.96,0.018606
13.97,0.009182
13.98,0.021705
13.99,0.013652
14.00,0.018476
14.01,0.007829
14.02,0.016187
14.04,0.022957
14.05,0.026246
14.06,0.022157
14.07,0.009642
14.08,0.014174
14.09,0.016945
14.11,0.033372
14.12,0.038777
14.13,0.080891
14.14,0.339628
14.15,0.669230
14.16,0.882878
14.18,0.612141
14.19,0.415727
14.20,0.317716
14.21,0.152203
14.22,0.099650
14.23,0.177370
14.25,0.249731
14.26,0.157946
14.27,0.152845
14.28,0.048444
14.29,0.096110
14.30,0.201526
14.32,0.224424
14.33,0.116073
14.34,0.144457
14.35,0.234056
14.36,0.233816
14.37,0.149840
14.38,0.144174
14.40,0.184046
14.41,0.191044
14.42,0.110609
14.43,0.104520
14.44,0.159213
14.45,0.140301
14.47,0.136390
14.48,0.107725
14.49,0.143796
14.50,0.152711
14.51,0.126929
14.52,0.092361
14.54,0.099449
14.55,0.126822
14.56,0.131537
14.57,0.103315
14.58,0.120486
14.59,0.131773
14.61,0.145342
14.62,0.098662
14.63,0.101247
14.64,0.126319
14.65,0.128500
14.66,0.124646
14.68,0.102940
14.69,0.129483
14.70,0.138225
14.71,0.133225
14.72,0.097509
14.73,0.115280
14.74,0.140872
14.76,0.131331
14.77,0.120221
14.78,0.130076
14.79,0.175296
14.80,0.165935
14.81,0.148881
14.83,0.126697
14.84,0.116547
14.85,0.107127
14.86,0.089692
14.87,0.083031
14.88,0.089844
14.90,0.082335
14.91,0.078754
14.92,0.054315
14.93,0.051001
14.94,0.055098
14.95,0.045801
14.97,0.039384
14.98,0.037943
14.99,0.036196
15.00,0.036709
15.01,0.029369
15.02,0.023317
15.03,0.019457
15.05,0.021121
15.06,0.016344
15.07,0.082954
15.08,0.179356
15.09,0.180708
15.10,0.157323
15.12,0.192211
15.13,0.085483
15.14,0.038797
15.15,0.027531
15.16,0.037319
15.17,0.035012
15.19,0.049038
15.20,0.056957
15.21,0.031746
15.22,0.019059
15.23,0.014048
15.24,0.034370
15.26,0.019823
15.27,0.031538
15.28,0.017684
15.29,0.023766
15.30,0.030740
15.31,0.030416
15.33,0.035106
15.34,0.028036
15.35,0.028357
15.36,0.029603
15.37,0.017975
15.38,0.009609
15.39,0.004780
15.41,0.015862
15.42,0.030824
15.43,0.037273
15.44,0.028751
15.45,0.031348
15.46,0.007958
15.48,0.052893
15.49,0.026046
15.50,0.041930
15.51,0.012038
15.52,0.021961
15.53,0.022201
15.55,0.007265
15.56,0.009221
15.57,0.015781
15.58,0.008460
15.59,0.007850
15.60,0.019760
15.62,0.012663
15.63,0.011464
15.64,0.007234
15.65,0.007508
15.66,0.010970
15.67,0.010379
15.69,0.012818
15.70,0.016314
15.71,0.017956
15.72,0.020356
15.73,0.019719
15.74,0.048174
15.75,0.063501
15.77,0.063638
15.78,0.052595
15.79,0.050809
15.80,0.058321
15.81,0.050626
15.82,0.036166
15.84,0.034199
15.85,0.040318
15.86,0.049684
15.87,0.040091
15.88,0.049316
15.89,0.053149
15.91,0.063518
15.92,0.059936
15.93,0.052975
15.94,0.050254
15.95,0.052617
15.96,0.057144
15.98,0.048282
15.99,0.040521
16.00,0.041043
16.01,0.035296
16.02,0.019511
16.03,0.002567
16.04,0.338084
16.06,0.675580
16.07,0.667331
16.08,0.377034
16.09,0.276145
16.10,0.304517
16.11,0.153376
16.13,0.213019
16.14,0.096862
16.15,0.021287
16.16,0.085921
16.17,0.076987
16.18,0.118612
16.20,0.074999
16.21,0.053950
16.22,0.043005
16.23,0.078134
16.24,0.087168
16.25,0.086577
16.27,0.079196
16.28,0.089071
16.29,0.105281
16.30,0.116573
16.31,0.116924
16.32,0.062133
16.34,0.116378
16.35,0.120458
16.36,0.110043
16.37,0.063628
16.38,0.057676
16.39,0.091878
16.40,0.056950
16.42,0.017525
16.43,0.022610
16.44,0.044727
16.45,0.031708
16.46,0.012247
16.47,0.016378
16.49,0.016407
16.50,0.018642
16.51,0.008859
16.52,0.007486
16.53,0.005684
16.54,0.004937
16.56,0.005416
16.57,0.004728
16.58,0.005085
16.59,0.005614
16.60,0.003644
16.61,0.004315
16.63,0.004139
16.64,0.003628
16.65,0.002307
16.66,0.012406
16.67,0.041807
16.68,0.040094
16.70,0.059120
16.71,0.339186
16.72,0.491127
16.73,0.468546
16.74,0.160513
16.75,0.220425
16.76,0.281531
16.78,0.209076
16.79,0.152775
16.80,0.105354
16.81,0.052060
16.82,0.079962
16.83,0.032791
16.85,0.048895
16.86,0.057605
16.87,0.058019
16.88,0.090602
16.89,0.066234
16.90,0.063326
16.92,0.110067
16.93,0.102182
16.94,0.112302
16.95,0.066003
16.96,0.047136
16.97,0.029513
16.99,0.023297
17.00,0.030831
17.01,0.006927
17.02,0.022576
17.03,0.043281
17.04,0.054042
17.06,0.105683
17.07,0.100724
17.08,0.115459
17.09,0.094036
17.10,0.081260
17.11,0.092525
17.12,0.085861
17.14,0.072817
17.15,0.068322
17.16,0.094660
17.17,0.074443
17.18,0.069628
17.19,0.088039
17.21,0.098664
17.22,0.095267
17.23,0.082168
17.24,0.070613
17.25,0.067751
17.26,0.065799
17.28,0.059438
17.29,0.045513
17.30,0.056825
17.31,0.057115
17.32,0.084475
17.33,0.071896
17.35,0.053345
17.36,0.037373
17.37,0.043930
17.38,0.032050
17.39,0.038023
17.40,0.021991
17.41,0.022133
17.43,0.023085
17.44,0.015454
17.45,0.031779
17.46,0.032538
17.47,0.017803
17.48,0.017582
17.50,0.011242
17.51,0.008851
17.52,0.011217
17.53,0.004506
17.54,0.008562
17.55,0.011762
17.57,0.005460
17.58,0.011055
17.59,0.017152
17.60,0.016341
17.61,0.015589
17.62,0.085225
17.64,0.530642
17.65,1.017564
17.66,0.570287
17.67,0.559496
17.68,0.231749
17.69,0.244224
17.71,0.087961
17.72,0.092262
17.73,0.211430
17.74,0.114287
17.75,0.124903
17.76,0.114486
17.77,0.104950
17.79,0.041941
17.80,0.055067
17.81,0.074791
17.82,0.084644
17.83,0.068882
17.84,0.060437
17.86,0.035586
17.87,0.047275
17.88,0.060988
17.89,0.040353
17.90,0.041345
17.91,0.019061
17.93,0.024208
17.94,0.043920
17.95,0.029794
17.96,0.044304
17.97,0.036200
17.98,0.044137
18.00,0.026980
18.01,0.042757
18.02,0.040199
18.03,0.054917
18.04,0.069197
18.05,0.022345
18.07,0.028776
18.08,0.010680
18.09,0.035345
18.10,0.018350
18.11,0.029767
18.12,0.047416
18.13,0.013306
18.15,0.040333
18.16,0.014614
18.17,0.008944
18.18,0.013204
18.19,0.014683
18.20,0.013121
18.22,0.023670
18.23,0.012506
18.24,0.012980
18.25,0.006480
18.26,0.008167
18.27,0.005801
18.29,0.007531
18.30,0.004534
18.31,0.007903
18.32,0.008122
18.33,0.004515
18.34,0.009573
18.36,0.003780
18.37,0.002857
18.38,0.004060
18.39,0.005454
18.40,0.003743
18.41,0.003448
18.43,0.002749
18.44,0.002616
18.45,0.004899
18.46,0.004363
18.47,0.002876
18.48,0.001496
18.49,0.002203
18.51,0.002209
18.52,0.003586
18.53,0.003316
18.54,0.001142
18.55,0.000367
18.56,0.019213
18.58,0.026591
18.59,0.019989
18.60,0.027902
18.61,0.025130
18.62,0.022513
18.63,0.005981
18.65,0.004508
18.66,0.004457
18.67,0.024122
18.68,0.009598
18.69,0.006711
18.70,0.004741
18.72,0.005403
18.73,0.003093
18.74,0.005510
18.75,0.014205
18.76,0.010135
18.77,0.016577
18.78,0.010143
18.80,0.013382
18.81,0.005428
18.82,0.013748
18.83,0.009081
18.84,0.013007
18.85,0.007645
18.87,0.013306
18.88,0.011108
18.89,0.018013
18.90,0.014506
18.91,0.018418
18.92,0.017276
18.94,0.019110
18.95,0.016007
18.96,0.017220
18.97,0.007738
18.98,0.009448
18.99,0.008694
19.01,0.011685
19.02,0.007172
19.03,0.007539
19.04,0.006315
19.05,0.010406
19.06,0.011435
19.08,0.008275
19.09,0.010040
19.10,0.007736
19.11,0.008680
19.12,0.007263
19.13,0.008476
19.14,0.005863
19.16,0.015014
19.17,0.016670
19.18,0.036017
19.19,0.125390
19.20,0.516548
19.21,0.992099
19.23,0.845344
19.24,0.698642
19.25,0.213289
19.26,0.235637
19.27,0.114059
19.28,0.033241
19.30,0.194976
19.31,0.169324
19.32,0.169740
19.33,0.117713
19.34,0.071856
19.35,0.101770
19.37,0.067062
19.38,0.076017
19.39,0.049402
19.40,0.058993
19.41,0.046892
19.42,0.023099
19.44,0.047533
19.45,0.031398
19.46,0.044727
19.47,0.035995
19.48,0.055348
19.49,0.048842
19.50,0.038398
19.52,0.025049
19.53,0.035763
19.54,0.073032
19.55,0.055962
19.56,0.029740
19.57,0.030872
19.59,0.072878
19.60,0.080632
19.61,0.059417
19.62,0.049786
19.63,0.074581
19.64,0.086195
19.66,0.074442
19.67,0.039920
19.68,0.058316
19.69,0.067004
19.70,0.071864
19.71,0.075198
19.73,0.068579
19.74,0.078507
19.75,0.047875
19.76,0.030500
19.77,0.033052
19.78,0.044220
19.80,0.041925
19.81,0.040072
19.82,0.037525
19.83,0.034365
19.84,0.051424
19.85,0.035326
19.86,0.039385
19.88,0.030069
19.89,0.021087
19.90,0.016605
19.91,0.019359
19.92,0.010083
19.93,0.015387
19.95,0.018329
19.96,0.011405
19.97,0.018540
19.98,0.018045
19.99,0.012033
20.00,0.016337
20.02,0.010686
20.03,0.018380
20.04,0.022575
20.05,0.019268
20.06,0.016876
20.07,0.019536
20.09,0.020533
20.10,0.012078
20.11,0.015532
20.12,0.006763
20.13,0.011505
20.14,0.031123
20.15,0.121888
20.17,0.491995
20.18,1.016966
20.19,0.769806
20.20,0.610162
20.21,0.235172
20.22,0.244206
20.24,0.096037
20.25,0.098936
20.26,0.172181
20.27,0.103240
20.28,0.113886
20.29,0.031088
20.31,0.067346
20.32,0.050044
20.33,0.063456
20.34,0.059142
20.35,0.069484
20.36,0.056687
20.38,0.038586
20.39,0.041931
20.40,0.031098
20.41,0.041621
20.42,0.022272
20.43,0.027743
20.45,0.023500
20.46,0.026684
20.47,0.018994
20.48,0.014453
20.49,0.062488
20.50,0.007138
20.51,0.070521
20.53,0.037656
20.54,0.045738
20.55,0.023938
20.56,0.020745
20.57,0.020713
20.58,0.005101
20.60,0.010130
20.61,0.007244
20.62,0.015435
20.63,0.013837
20.64,0.031089
20.65,0.007566
20.67,0.012817
20.68,0.011585
20.69,0.008783
20.70,0.011087
20.71,0.005317
20.72,0.011548
20.74,0.005261
20.75,0.006512
20.76,0.005652
20.77,0.004317
20.78,0.005059
20.79,0.005532
20.81,0.008166
20.82,0.005052
20.83,0.002504
20.84,0.002571
20.85,0.003260
20.86,0.002635
20.87,0.001845
20.89,0.001609
20.90,0.004964
20.91,0.002060
20.92,0.004073
20.93,0.000924
20.94,0.001843
20.96,0.000994
20.97,0.001543
20.98,0.001786
20.99,0.000857
21.00,0.000666
21.01,0.001302
21.03,0.001371
21.04,0.001897
21.05,0.001897
21.06,0.002050
21.07,0.002225
21.08,0.004993
21.10,0.049021
21.11,0.213145
21.12,0.579719
21.13,0.870840
21.14,0.832988
21.15,0.698349
21.16,0.134371
21.18,0.165741
21.19,0.096777
21.20,0.071205
21.21,0.089987
21.22,0.115524
21.23,0.100764
21.25,0.104797
21.26,0.107530
21.27,0.082639
21.28,0.104943
21.29,0.134851
21.30,0.095251
21.32,0.085407
21.33,0.044633
21.34,0.101008
21.35,0.093375
21.36,0.054759
21.37,0.013960
21.39,0.030024
21.40,0.029053
21.41,0.049091
21.42,0.048722
21.43,0.075989
21.44,0.094312
21.46,0.091897
21.47,0.064865
21.48,0.075542
21.49,0.097774
21.50,0.089186
21.51,0.046646
21.52,0.037153
21.54,0.050258
21.55,0.058881
21.56,0.045559
21.57,0.046699
21.58,0.075727
21.59,0.082486
21.61,0.076867
21.62,0.049933
21.63,0.057676
21.64,0.063195
21.65,0.061407
21.66,0.035614
21.68,0.050455
21.69,0.050517
21.70,0.056502
21.71,0.034136
21.72,0.050191
21.73,0.054673
21.75,0.064366
21.76,0.058741
21.77,0.114515
21.78,0.019359
21.79,0.092943
21.80,0.044039
21.82,0.014881
21.83,0.049324
21.84,0.011159
21.85,0.008148
21.86,0.038752
21.87,0.018024
21.88,0.021398
21.90,0.005285
21.91,0.018378
21.92,0.006915
21.93,0.021079
21.94,0.010765
21.95,0.009248
21.97,0.015979
21.98,0.019664
21.99,0.006252
22.00,0.027185
22.01,0.024774
22.02,0.020098
22.04,0.018301
22.05,0.008676
22.06,0.007011
22.07,0.004001
22.08,0.005284
22.09,0.005019
22.11,0.011940
22.12,0.009420
22.13,0.010554
22.14,0.010359
22.15,0.009383
22.16,0.009409
22.18,0.009934
22.19,0.009605
22.20,0.005166
22.21,0.004966
22.22,0.003955
22.23,0.003375
22.24,0.006104
22.26,0.004270
22.27,0.007272
22.28,0.004591
22.29,0.005863
22.30,0.004355
22.31,0.001973
22.33,0.001103
22.34,0.001819
22.35,0.001639
22.36,0.005007
22.37,0.012840
22.38,0.016404
22.40,0.028515
22.41,0.008889
22.42,0.021763
22.43,0.022284
22.44,0.018760
22.45,0.016144
22.47,0.012741
22.48,0.006512
22.49,0.008959
22.50,0.017565
22.51,0.010881
22.52,0.014529
22.53,0.017984
22.55,0.008083
22.56,0.011437
22.57,0.013141
22.58,0.006497
22.59,0.010556
22.60,0.011022
22.62,0.005039
22.63,0.008610
22.64,0.006231
22.65,0.007584
22.66,0.010799
22.67,0.010876
22.69,0.095507
22.70,0.484430
22.71,0.816890
22.72,0.782169
22.73,0.583548
22.74,0.213994
22.76,0.157158
22.77,0.214471
22.78,0.184344
22.79,0.188882
22.80,0.090500
22.81,0.073995
22.83,0.140544
22.84,0.087579
22.85,0.102162
22.86,0.098355
22.87,0.112718
22.88,0.133435
22.89,0.096294
22.91,0.144733
22.92,0.144146
22.93,0.112392
22.94,0.102038
22.95,0.038285
22.96,0.072331
22.98,0.061383
22.99,0.080558
23.00,0.036247
23.01,0.022799
23.02,0.062003
23.03,0.049515
23.05,0.083698
23.06,0.041360
23.07,0.040133
23.08,0.030276
23.09,0.017380
23.10,0.025619
23.12,0.019156
23.13,0.041007
23.14,0.032329
23.15,0.031557
23.16,0.020269
23.17,0.015910
23.19,0.016449
23.20,0.026748
23.21,0.019610
23.22,0.027652
23.23,0.017808
23.24,0.035575
23.25,0.025743
23.27,0.013566
23.28,0.033828
23.29,0.037181
23.30,0.031089
23.31,0.030155
23.32,0.037869
23.34,0.039745
23.35,0.032669
23.36,0.036103
23.37,0.027021
23.38,0.027278
23.39,0.023499
23.41,0.017647
23.42,0.021322
23.43,0.020326
23.44,0.008965
23.45,0.013014
23.46,0.015519
23.48,0.011334
23.49,0.010176
23.50,0.013048
23.51,0.020929
23.52,0.025245
23.53,0.024346
23.55,0.017568
23.56,0.014031
23.57,0.011904
23.58,0.017326
23.59,0.029033
23.60,0.017421
23.61,0.014160
23.63,0.022907
23.64,0.026975
23.65,0.027282
23.66,0.017365
23.67,0.015471
23.68,0.020422
23.70,0.017539
23.71,0.023026
23.72,0.016227
23.73,0.011244
23.74,0.005602
23.75,0.014448
23.77,0.009483
23.78,0.011998
23.79,0.011428
23.80,0.008667
23.81,0.008904
23.82,0.013234
23.84,0.009873
23.85,0.007150
23.86,0.010461
23.87,0.019527
23.88,0.014254
23.89,0.010996
23.90,0.008875
23.92,0.019734
23.93,0.016539
23.94,0.012387
23.95,0.024223
23.96,0.038293
23.97,0.023259
23.99,0.037219
24.00,0.037951
24.01,0.045695
24.02,0.036243
24.03,0.023958
24.04,0.006583
24.06,0.011031
24.07,0.005058
24.08,0.013478
24.09,0.014349
24.10,0.018684
24.11,0.011464
24.13,0.019005
24.14,0.016885
24.15,0.006016
24.16,0.008510
24.17,0.018910
24.18,0.008922
24.20,0.004134
24.21,0.013106
24.22,0.026205
24.23,0.042342
24.24,0.119926
24.25,0.455599
24.26,0.866441
24.28,0.703962
24.29,0.756413
24.30,0.224089
24.31,0.237449
24.32,0.107575
24.33,0.130983
24.35,0.163021
24.36,0.208142
24.37,0.241102
24.38,0.096472
24.39,0.092693
24.40,0.096672
24.42,0.149663
24.43,0.136859
24.44,0.145582
24.45,0.075929
24.46,0.077829
24.47,0.058668
24.49,0.105408
24.50,0.118893
24.51,0.075530
24.52,0.084203
24.53,0.012555
24.54,0.039627
24.56,0.037404
24.57,0.028229
24.58,0.088709
24.59,0.079778
24.60,0.111116
24.61,0.065683
24.62,0.049922
24.64,0.035365
24.65,0.029499
24.66,0.041413
24.67,0.050129
24.68,0.055297
24.69,0.047467
24.71,0.022731
24.72,0.030705
24.73,0.022801
24.74,0.033445
24.75,0.026964
24.76,0.032102
24.78,0.057826
24.79,0.055624
24.80,0.058186
24.81,0.038459
24.82,0.038463
24.83,0.036288
24.85,0.046772
24.86,0.043001
24.87,0.039802
24.88,0.037784
24.89,0.055159
24.90,0.072692
24.92,0.128043
24.93,0.130712
24.94,0.094254
24.95,0.067643
24.96,0.079895
24.97,0.086817
24.98,0.089566
25.00,0.053055
25.01,0.050092
25.02,0.029955
25.03,0.039934
25.04,0.049239
25.05,0.053454
25.07,0.049831
25.08,0.064389
25.09,0.067704
25.10,0.055717
25.11,0.063030
25.12,0.062257
25.14,0.058287
25.15,0.064930
25.16,0.036119
25.17,0.044456
25.18,0.050225
25.19,0.076506
25.21,0.047668
25.22,0.168273
25.23,0.342197
25.24,0.381991
25.25,0.178106
25.26,0.117388
25.27,0.100067
25.29,0.077779
25.30,0.065501
25.31,0.080015
25.32,0.042458
25.33,0.050509
25.34,0.031686
25.36,0.051854
25.37,0.045930
25.38,0.032756
25.39,0.035302
25.40,0.028708
25.41,0.042281
25.43,0.042808
25.44,0.033807
25.45,0.027897
25.46,0.029984
25.47,0.041271
25.48,0.035981
25.50,0.029009
25.51,0.054123
25.52,0.070781
25.53,0.024213
25.54,0.046713
25.55,0.060807
25.57,0.042282
25.58,0.051694
25.59,0.067350
25.60,0.044611
25.61,0.028596
25.62,0.015305
25.63,0.021786
25.65,0.011698
25.66,0.017364
25.67,0.011694
25.68,0.013045
25.69,0.006635
25.70,0.012011
25.72,0.018433
25.73,0.011813
25.74,0.002454
25.75,0.011181
25.76,0.019676
25.77,0.019813
25.79,0.021778
25.80,0.017051
25.81,0.018856
25.82,0.009270
25.83,0.013675
25.84,0.007914
25.86,0.015963
25.87,0.012429
25.88,0.013507
25.89,0.024636
25.90,0.011820
25.91,0.012304
25.93,0.010316
25.94,0.019281
25.95,0.005677
25.96,0.002349
25.97,0.007442
25.98,0.012464
25.99,0.004052
26.01,0.013353
26.02,0.029786
26.03,0.015278
26.04,0.013112
26.05,0.011234
26.06,0.008596
26.08,0.010685
26.09,0.003506
26.10,0.029372
26.11,0.019681
26.12,0.029941
26.13,0.010221
26.15,0.018704
26.16,0.113529
26.17,0.468842
26.18,0.695705
26.19,0.862322
26.20,0.818431
26.22,0.439370
26.23,0.298702
26.24,0.182161
26.25,0.179379
26.26,0.307526
26.27,0.142792
26.28,0.054940
26.30,0.167836
26.31,0.155113
26.32,0.180665
26.33,0.089119
26.34,0.207443
26.35,0.203442
26.37,0.205218
26.38,0.134235
26.39,0.068493
26.40,0.099685
26.41,0.085749
26.42,0.105674
26.44,0.108179
26.45,0.069105
26.46,0.097816
26.47,0.096728
26.48,0.098747
26.49,0.088902
26.51,0.106664
26.52,0.115771
26.53,0.104854
26.54,0.117348
26.55,0.099847
26.56,0.094401
26.58,0.079682
26.59,0.087776
26.60,0.108570
26.61,0.083186
26.62,0.074843
26.63,0.064918
26.64,0.099507
26.66,0.087970
26.67,0.067062
26.68,0.075981
26.69,0.059732
26.70,0.072182
26.71,0.062362
26.73,0.077352
26.74,0.076612
26.75,0.052124
26.76,0.067310
26.77,0.061325
26.78,0.069774
26.80,0.063453
26.81,0.100339
26.82,0.131187
26.83,0.085433
26.84,0.125160
26.85,0.076159
26.87,0.094551
26.88,0.066043
26.89,0.093421
26.90,0.119950
26.91,0.083856
26.92,0.085660
26.94,0.075586
26.95,0.075767
26.96,0.065911
26.97,0.061727
26.98,0.074582
26.99,0.044843
27.00,0.050798
27.02,0.038753
27.03,0.049758
27.04,0.026266
27.05,0.055522
27.06,0.044932
27.07,0.029037
27.09,0.049345
27.10,0.046905
27.11,0.077886
27.12,0.039215
27.13,0.107123
27.14,0.103075
27.16,0.124460
27.17,0.142647
27.18,0.112552
27.19,0.125468
27.20,0.100093
27.21,0.112573
27.23,0.110732
27.24,0.079130
27.25,0.098547
27.26,0.081688
27.27,0.109312
27.28,0.088581
27.30,0.090652
27.31,0.090620
27.32,0.075684
27.33,0.086476
27.34,0.079065
27.35,0.089498
27.36,0.088761
27.38,0.087905
27.39,0.095788
27.40,0.081530
27.41,0.084428
27.42,0.080558
27.43,0.095072
27.45,0.111227
27.46,0.068012
27.47,0.081187
27.48,0.074102
27.49,0.078623
27.50,0.053817
27.52,0.050897
27.53,0.052710
27.54,0.035697
27.55,0.037639
27.56,0.049616
27.57,0.052307
27.59,0.020723
27.60,0.025845
27.61,0.017902
27.62,0.018305
27.63,0.012395
27.64,0.013764
27.65,0.009944
27.67,0.001094
27.68,0.006339
27.69,0.004374
27.70,0.015226
27.71,0.028850
27.72,0.058660
27.74,0.190351
27.75,0.498924
27.76,0.916425
27.77,0.700210
27.78,0.612426
27.79,0.360708
27.81,0.254846
27.82,0.189504
27.83,0.176777
27.84,0.231521
27.85,0.123232
27.86,0.143970
27.88,0.062464
27.89,0.076336
27.90,0.097241
27.91,0.125846
27.92,0.130785
27.93,0.115920
27.95,0.111633
27.96,0.057931
27.97,0.104699
27.98,0.143975
27.99,0.111832
28.00,0.117799
28.01,0.091540
28.03,0.053330
28.04,0.083114
28.05,0.050369
28.06,0.088582
28.07,0.086755
28.08,0.086892
28.10,0.078896
28.11,0.087110
28.12,0.113176
28.13,0.069497
28.14,0.094004
28.15,0.077775
28.17,0.091557
28.18,0.046672
28.19,0.093210
28.20,0.067578
28.21,0.095395
28.22,0.089171
28.24,0.061876
28.25,0.084035
28.26,0.064195
28.27,0.067339
28.28,0.089749
28.29,0.063238
28.31,0.097710
28.32,0.098426
28.33,0.068398
28.34,0.105203
28.35,0.072714
28.36,0.091484
28.37,0.099943
28.39,0.076943
28.40,0.115039
28.41,0.099779
28.42,0.076207
28.43,0.114682
28.44,0.083513
28.46,0.138103
28.47,0.125246
28.48,0.092309
28.49,0.121141
28.50,0.082622
28.51,0.074009
28.53,0.127791
28.54,0.105080
28.55,0.129979
28.56,0.125033
28.57,0.097169
28.58,0.128768
28.60,0.092865
28.61,0.098268
28.62,0.124259
28.63,0.095970
28.64,0.117150
28.65,0.099085
28.67,0.094364
28.68,0.118659
28.69,0.096965
28.70,0.106337
28.71,0.102840
28.72,0.090453
28.73,0.084641
28.75,0.057192
28.76,0.058718
28.77,0.071205
28.78,0.101504
28.79,0.097536
28.80,0.075397
28.82,0.081949
28.83,0.092722
28.84,0.075158
28.85,0.095696
28.86,0.109261
28.87,0.081566
28.89,0.082089
28.90,0.059245
28.91,0.068190
28.92,0.083456
28.93,0.086377
28.94,0.079591
28.96,0.082756
28.97,0.069892
28.98,0.083729
28.99,0.048376
29.00,0.069099
29.01,0.094359
29.02,0.087755
29.04,0.111942
29.05,0.075182
29.06,0.077807
29.07,0.093374
29.08,0.081853
29.09,0.086814
29.11,0.097616
29.12,0.095522
29.13,0.090854
29.14,0.064434
29.15,0.109325
29.16,0.106749
29.18,0.113198
29.19,0.111098
29.20,0.110206
29.21,0.088234
29.22,0.124235
29.23,0.033615
29.25,0.120770
29.26,0.098848
29.27,0.072036
29.28,0.078690
29.29,0.069292
29.30,0.195711
29.32,0.532620
29.33,0.870592
29.34,0.709289
29.35,0.712121
29.36,0.189534
29.37,0.162467
29.38,0.234530
29.40,0.183446
29.41,0.215992
29.42,0.166402
29.43,0.138892
29.44,0.150071
29.45,0.116851
29.47,0.143379
29.48,0.157254
29.49,0.168741
29.50,0.107023
29.51,0.166188
29.52,0.092455
29.54,0.116461
29.55,0.085866
29.56,0.104199
29.57,0.067913
29.58,0.090133
29.59,0.028616
29.61,0.083923
29.62,0.057609
29.63,0.053469
29.64,0.058598
29.65,0.077413
29.66,0.051889
29.68,0.112977
29.69,0.114540
29.70,0.083857
29.71,0.096321
29.72,0.039306
29.73,0.071166
29.74,0.072236
29.76,0.060505
29.77,0.085976
29.78,0.091335
29.79,0.070651
29.80,0.076505
29.81,0.030726
29.83,0.079563
29.84,0.079564
29.85,0.094156
29.86,0.087012
29.87,0.069486
