1.11
2.33
3.48
4.78
6.12
7.22
9.35
10.70
12.25
13.38
14.88
16.82
17.89
19.35
20.46
21.97
23.45
24.51
25.80
27.25
28.52
29.69
31.55
32.64
33.75
35.13
36.22
37.72
39.06
40.16
41.58
43.11
45.07
46.97
48.04
49.50
50.88
51.95
53.44
54.81
55.90
57.34
58.85
61.31
62.78
65.23
66.72
69.19
70.55
71.64
73.10
74.49
75.57
77.07
78.54
81.03
82.47
84.92
86.41
88.86
90.33
92.31
94.20
95.58
96.74
98.04
99.18
100.65
102.03
103.09
104.59
105.97
107.05
108.52
109.63
111.00
112.46
113.75
114.91
116.37
117.87
120.34
122.70
123.77
125.07
126.72
128.19
129.51
130.66
132.13
133.49
134.60
136.06
137.47
138.54
140.00
141.22
142.45
143.91
145.41
147.85
149.34
151.79
153.26
155.24
156.78
158.07
159.67
161.03
162.11
163.61
165.07
167.45
168.90
169.98
171.49
172.85
173.95
175.42
176.78
177.87
179.34
180.83
183.27
184.74
186.72
188.70
191.15
192.51
193.62
195.09
196.46
197.53
199.03
200.49
202.45
204.32
205.41
206.85
208.26
209.34
210.82
212.31
214.75
216.25
218.20
219.39
220.57
222.63
224.10
226.57
227.95
229.01
230.46
231.98
233.93
235.81
236.89
238.36
239.85
242.29
243.69
244.77
246.23
247.66
250.18
251.65
254.11
255.48
256.55
258.05
259.40
260.49
261.95
263.34
264.44
