4.81
5.19
5.51
7.00
9.49
10.43
10.94
12.38
13.40
17.33
17.79
18.79
20.13
20.76
21.26
22.72
23.97
24.58
25.24
26.69
29.19
30.10
30.62
32.09
33.10
35.08
35.66
36.02
36.49
37.09
37.97
38.61
39.58
39.94
41.11
41.92
42.58
43.56
43.89
44.27
45.09
45.83
46.55
47.39
47.81
48.36
48.82
49.77
50.38
51.37
51.75
52.87
53.71
54.34
54.67
55.33
55.69
56.20
56.89
57.66
58.20
59.18
59.61
60.64
61.13
61.59
62.22
63.10
63.54
64.22
64.57
65.53
66.15
67.16
67.48
67.99
68.60
69.44
70.09
71.07
71.41
71.94
72.45
72.78
73.40
74.12
75.02
75.35
76.57
77.31
77.89
78.87
79.29
80.00
81.25
81.80
82.87
83.23
83.75
84.35
85.18
85.81
86.81
87.17
87.69
88.18
88.64
89.13
89.71
90.74
91.08
92.26
93.06
93.74
94.69
95.02
95.58
96.20
96.54
96.98
97.48
97.99
98.49
98.97
99.49
99.97
100.94
102.61
104.13
104.85
105.50
106.45
106.84
107.95
108.79
109.32
109.77
110.50
111.29
111.93
112.73
113.23
113.80
114.34
114.69
115.83
116.66
117.13
118.30
118.65
119.87
120.59
121.28
122.12
123.56
123.89
124.52
125.03
125.66
126.10
126.49
127.65
128.06
128.46
129.47
130.09
130.43
131.48
132.39
133.92
134.36
135.50
136.33
136.86
137.98
138.31
139.43
140.28
141.21
141.82
142.25
142.79
144.21
145.25
145.71
146.17
147.30
148.15
148.78
149.77
150.11
151.36
152.07
152.76
153.71
154.04
155.04
156.02
156.62
157.00
157.61
157.97
158.53
161.95
162.46
162.95
163.87
164.53
165.49
165.83
166.56
167.07
167.82
168.47
169.38
169.78
170.88
171.73
172.39
173.39
174.23
174.73
175.26
175.67
176.33
177.30
177.64
178.86
179.63
180.26
181.24
181.58
182.61
183.54
184.22
185.14
185.53
186.66
187.49
188.29
189.11
189.45
190.15
190.60
191.42
192.04
192.64
193.03
193.38
194.39
195.35
195.98
197.02
197.93
198.47
199.29
199.94
200.94
201.26
202.26
203.23
203.86
204.83
205.72
206.36
207.16
207.80
208.37
208.78
209.12
210.31
211.08
211.72
212.39
212.71
213.07
214.08
214.41
215.03
215.70
216.63
216.98
218.12
218.97
219.61
220.59
220.94
221.47
224.94
225.39
226.06
226.84
227.38
228.34
228.80
229.92
230.28
230.75
231.41
232.38
232.75
233.77
234.69
235.40
236.29
236.68
237.38
237.81
238.62
239.15
240.13
240.62
241.66
242.56
243.15
244.26
245.09
245.56
246.51
247.10
247.48
248.21
249.56
249.94
250.44
251.08
251.54
251.97
252.39
252.93
253.43
254.36
254.89
255.93
256.84
258.29
258.99
259.91
260.27
260.81
261.61
262.25
262.97
263.77
264.21
265.42
266.17
266.91
267.67
268.13
268.67
